frame_id,timestamp,numFrame,x,y,z,doppler,SNR,Range,Azimuth,Elevation
20250718111117404587,2025-07-18 11:11:17.404587,1,1.5822035875229403,0.3543144284443077,1.0157469849245355,0.0697200018621515,7.239999838173389,1.913282217540728,12.622417030165025,32.06577042787674
20250718111117404587,2025-07-18 11:11:17.404587,2,-1.5762329948544584,0.3250336321341275,1.1216121282370035,0.0697200018621515,6.8799998462200165,1.9616755802870407,168.3484056466633,34.87320746519301
20250718111117404587,2025-07-18 11:11:17.404587,3,1.604811020908707,0.2927378250072034,1.0322463860881592,0.0697200018621515,7.759999826550484,1.9304523948059584,10.337813387600834,32.324744721115174
20250718111117404587,2025-07-18 11:11:17.404587,4,-1.5592871226497396,0.3704672365951732,1.1094382306124315,0.0697200018621515,7.519999831914902,1.949224330803464,166.63503222115074,34.69230389220992
20250718111117404587,2025-07-18 11:11:17.404587,5,-1.6151540800469728,0.2616343144042196,1.0405805466360016,0.0697200018621515,8.359999813139439,1.9390675828354795,170.79874051724627,32.455176827066964
20250718111117404587,2025-07-18 11:11:17.404587,6,1.585329203540275,0.3432822425185238,0.8997777573116252,0.0697200018621515,4.999999888241291,1.8549154682030464,12.218019797307669,29.01755009681489
20250718111117404587,2025-07-18 11:11:17.404587,7,-1.5406775161659352,0.3128432063631804,1.0565147119537823,0.0697200018621515,8.119999818503857,1.894143980050517,168.52182714437902,33.90237513375611
20250718111117404587,2025-07-18 11:11:17.404587,8,-1.5938260587879671,0.3236353158818448,1.023967428360151,0.0697200018621515,8.879999801516533,1.9218560345926088,168.52182714437902,32.19492473134612
20250718111117404587,2025-07-18 11:11:17.404587,9,1.6141522980607734,0.2660045987379354,0.920484239555614,0.0697200018621515,4.999999888241291,1.877108767001764,9.357963198242237,29.36512812345046
20250718111117404587,2025-07-18 11:11:17.404587,10,-1.5235954634375777,0.3572444416602426,1.0446174368129904,0.0697200018621515,8.879999801516533,1.8815398790879896,166.803979729523,33.7239969675873
20250718111117404587,2025-07-18 11:11:17.404587,11,-1.5761547288111395,0.3695682545508946,1.011659734537791,0.0697200018621515,9.359999790787697,1.909004935145686,166.803979729523,32.00145968166107
20250718111117404587,2025-07-18 11:11:17.404587,12,-1.6245555620335972,0.2347200409529724,0.9288669115496596,0.0697200018621515,4.999999888241291,1.886019090871316,171.77864827111165,29.505119776376475
20250718111117404587,2025-07-18 11:11:17.404587,13,-1.5051422776930243,0.4011307722816199,1.032858129964227,0.0697200018621515,9.63999978452921,1.8689984187268307,165.0771304595186,33.54739187531779
20250718111117404587,2025-07-18 11:11:17.404587,14,-1.5570649660290394,0.4149685259477298,0.9994947684808552,0.0697200018621515,9.759999781847,1.89621728137438,165.0771304595186,31.809673727377948
20250718111117404587,2025-07-18 11:11:17.404587,15,-1.6031033947193305,0.2970819375957991,0.9121570917057408,0.0697200018621515,4.999999888241291,1.8682153868747016,169.5012340698702,29.2256565630814
20250718111117404587,2025-07-18 11:11:17.404587,16,-1.4853345655531505,0.4444627034937566,1.021247373989454,0.0697200018621515,10.359999768435957,1.856532268856187,163.34102544633245,33.372727033767084
20250718111117404587,2025-07-18 11:11:17.404587,17,-1.536573949938881,0.4597952728943458,0.987483477837195,0.0697200018621515,10.119999773800371,1.88350599032979,163.34102544633245,31.61974859409092
20250718111117404587,2025-07-18 11:11:17.404587,18,-1.585329203540275,0.3432822425185238,0.8997777573116252,0.0697200018621515,4.999999888241291,1.8549154682030464,167.78198020269232,29.01755009681489
20250718111117404587,2025-07-18 11:11:17.404587,19,-1.4641901526211054,0.487201239485123,1.009795617784879,0.0697200018621515,10.99999975413084,1.844154288687908,161.59541975925742,33.200168972288544
20250718111117404587,2025-07-18 11:11:17.404587,20,-1.5147001210712197,0.5040081543460088,0.975636671957169,0.0697200018621515,10.239999771118164,1.870884173883594,161.5954197592574,31.431866308380485
20250718111117404587,2025-07-18 11:11:17.404587,21,-1.4493606135993864,0.5153449162978233,1.0022545423108735,0.0697200018621515,11.639999739825726,1.835957716994043,160.42628814997056,33.08638256167796
20250718111117404587,2025-07-18 11:11:17.404587,22,-1.4993590094598508,0.5331226997479663,0.9678354530287152,0.0697200018621515,10.239999771118164,1.862525896833192,160.4262881499706,31.307836324152483
20250718111117404587,2025-07-18 11:11:17.404587,23,-1.4339513496826934,0.5431964989733736,0.9947917332250312,0.0697200018621515,12.11999972909689,1.8278100290365544,159.25276280911768,32.97365500672506
20250718111117404587,2025-07-18 11:11:17.404587,24,-1.3929329053963655,0.6114747354200092,0.9764966349085338,0.0697200018621515,12.519999720156193,1.80768058820706,156.29931234549915,32.69678700620469
20250718111117404587,2025-07-18 11:11:17.404587,25,-1.104460241017814,1.0731728437168864,1.4244968459985363,-0.0697200018621515,7.35999983549118,2.097790180342232,135.8231471567981,42.76916935369443
20250718111117413637,2025-07-18 11:11:17.413637,1,1.48869511171076,0.4344413535784977,0.9078880648354792,-0.0697200018621515,9.879999779164793,1.7970011584863657,16.26866789867526,30.346221319789144
20250718111117413637,2025-07-18 11:11:17.413637,2,1.5281288348269648,0.3469942749360608,0.9313194389381813,-0.0697200018621515,10.359999768435957,1.8228929370679312,12.793294131503936,30.72392258419937
20250718111117413637,2025-07-18 11:11:17.413637,3,1.3756904108487205,0.4202448952729587,0.8630775352547635,-0.0697200018621515,7.239999838173389,1.677507886826628,16.98682532628394,30.964029290598145
20250718111117413637,2025-07-18 11:11:17.413637,4,1.5567946082825226,0.2724835722463574,0.9512845215513628,-0.0697200018621515,10.87999975681305,1.844667718171724,9.927835160934013,31.04387041640724
20250718111117413637,2025-07-18 11:11:17.413637,5,1.4630461080504835,0.4634077190145458,0.7808405614487928,-0.0697200018621515,6.359999857842922,1.7219066788672368,17.575166243416593,26.96681596247633
20250718111117413637,2025-07-18 11:11:17.413637,6,1.4272454247808928,0.3118899777190486,0.8921111479092745,-0.0697200018621515,7.519999831914902,1.7117731044106237,12.326828737108787,31.41023057021983
20250718111117413637,2025-07-18 11:11:17.413637,7,1.476480915982088,0.3226492038388903,0.8538924569385964,-0.0697200018621515,11.239999748766422,1.7358659890711057,12.326828737108784,29.46629708251784
20250718111117413637,2025-07-18 11:11:17.413637,8,1.454849756452061,0.2422782219874967,0.9107635616412564,-0.0697200018621515,7.639999829232693,1.733429207066591,9.454783416059882,31.69594632516085
20250718111117413637,2025-07-18 11:11:17.413637,9,1.5102995318774068,0.2360729801877179,0.8770904861496642,-0.0697200018621515,11.519999742507936,1.762391230362339,8.883943108853877,29.8460143664546
20250718111117413637,2025-07-18 11:11:17.413637,10,-1.47881772156573,0.1714208314310863,0.9297497422186232,-0.0697200018621515,7.639999829232693,1.7551984327194967,173.387927121002,31.986000589141483
20250718111117413637,2025-07-18 11:11:17.413637,11,-1.529832295271229,0.1773343125262684,0.8928294647140298,-0.0697200018621515,11.519999742507936,1.7801625664853034,173.387927121002,30.102188407665736
20250718111117413637,2025-07-18 11:11:17.413637,12,1.452947395890482,0.3714705313039328,0.7380357080803486,-0.0697200018621515,6.519999854266644,1.6714494300617715,14.341422792343524,26.20309466556291
20250718111117413637,2025-07-18 11:11:17.413637,13,-1.4599363077354557,0.2282007693023228,0.914535603719736,-0.0697200018621515,7.759999826550484,1.7377758728401742,171.11605689114612,31.75363478330369
20250718111117413637,2025-07-18 11:11:17.413637,14,-1.5102995318774068,0.2360729801877179,0.8770904861496642,-0.0697200018621515,11.519999742507936,1.762391230362339,171.11605689114612,29.8460143664546
20250718111117413637,2025-07-18 11:11:17.413637,15,1.4867904741829885,0.2635871613728571,0.7503695509589445,-0.0697200018621515,6.359999857842922,1.6861431044748854,10.05328307426838,26.4246998196598
20250718111117451117,2025-07-18 11:11:17.451117,1,-1.0976835043227515,1.1018260513889937,1.4672650437934331,-0.0697200018621515,5.119999885559082,2.1381759590641463,134.89208949691871,43.33184764614328
20250718111117451117,2025-07-18 11:11:17.451117,2,-1.139748018174536,1.1440493124823674,1.446850018099386,-0.0697200018621515,5.999999865889549,2.168236460628396,134.89208949691871,41.85851515151268
20250718111117451117,2025-07-18 11:11:17.451117,3,0.1217126965547272,0.0483005460164501,1.7835234820299934,2.852920076198643,5.999999865889549,1.7883240573790038,21.64519034568293,85.80087922857321
20250718111117482412,2025-07-18 11:11:17.482412,1,1.4390523196634657,0.4199542489975882,0.9443061905237125,0.0697200018621515,5.879999868571758,1.771707462150943,16.26866789867526,32.207846974087154
20250718111117482412,2025-07-18 11:11:17.482412,2,1.5965790245885658,0.285730099879087,1.0166614862996908,0.0697200018621515,5.999999865889549,1.914237929166117,10.14646539469106,32.080150999895324
20250718111117482412,2025-07-18 11:11:17.482412,3,1.483010762597497,0.3211265263559762,0.9707869989953392,0.0697200018621515,6.239999860525131,1.8013524267415977,12.218019797307669,32.61022994354104
20250718111117482412,2025-07-18 11:11:17.482412,4,1.5341699830688862,0.3322043844372501,0.9352823781534824,0.0697200018621515,6.359999857842922,1.8272357310630043,12.21801979730767,30.78756564684054
20250718111117482412,2025-07-18 11:11:17.482412,5,1.509973591068586,0.2488364447887778,0.9901570679720502,0.0697200018621515,6.7599998489022255,1.822731697544838,9.357963198242231,32.90358594983184
20250718111117482412,2025-07-18 11:11:17.482412,6,1.5620629445646794,0.2574205217633566,0.955320653763832,0.0697200018621515,6.8799998462200165,1.8490385391642736,9.357963198242237,31.108346167542205
20250718111117482412,2025-07-18 11:11:17.482412,7,1.4272454247808928,0.3118899777190486,0.8921111479092745,0.0697200018621515,7.239999838173389,1.7117731044106237,12.326828737108787,31.41023057021983
20250718111117482412,2025-07-18 11:11:17.482412,8,-1.5721304909628702,0.2271455294273217,0.963432813511131,0.0697200018621515,7.239999838173389,1.857792280720304,171.77864827111165,31.237730274983644
20250718111117482412,2025-07-18 11:11:17.482412,9,1.454849756452061,0.2422782219874967,0.9107635616412564,0.0697200018621515,7.759999826550484,1.733429207066591,9.454783416059882,31.69594632516085
20250718111117482412,2025-07-18 11:11:17.482412,10,-1.5513705938438214,0.287494982211649,0.9472622263739104,0.0697200018621515,7.639999829232693,1.8403015540272367,169.5012340698702,30.979547783692144
20250718111117482412,2025-07-18 11:11:17.482412,11,-1.47881772156573,0.1714208314310863,0.9297497422186232,0.0697200018621515,8.119999818503857,1.7551984327194967,173.387927121002,31.986000589141483
20250718111117482412,2025-07-18 11:11:17.482412,12,-1.5341699830688862,0.3322043844372501,0.9352823781534824,0.0697200018621515,7.999999821186066,1.8272357310630043,167.78198020269232,30.78756564684054
20250718111117482412,2025-07-18 11:11:17.482412,13,-1.4095730835935043,0.2203285584169277,0.951980721289808,0.0697200018621515,4.999999888241291,1.715140882071454,171.11605689114612,33.71382839732512
20250718111117482412,2025-07-18 11:11:17.482412,14,-1.4599363077354557,0.2282007693023228,0.914535603719736,0.0697200018621515,8.51999980956316,1.7377758728401742,171.11605689114612,31.75363478330369
20250718111117482412,2025-07-18 11:11:17.482412,15,-1.5155887229242715,0.3763953082894674,0.9234414557944954,0.0697200018621515,8.119999818503857,1.814228962241923,166.052808979771,30.59720333178236
20250718111117482412,2025-07-18 11:11:17.482412,16,-1.4442407258140797,0.2702822185300094,0.9032599133828464,0.0697200018621515,8.879999801516533,1.7247499015445316,169.40000332563022,31.5810962186472
20250718111117482412,2025-07-18 11:11:17.482412,17,-1.4956435352891628,0.4200279849214097,0.9117501153273582,0.0697200018621515,8.239999815821648,1.8012943583903371,164.3134372158133,30.408642865013043
20250718111117482412,2025-07-18 11:11:17.482412,18,-1.4743523694853689,0.4630631478709808,0.9002188781688787,0.0697200018621515,8.359999813139439,1.788445251310461,162.56359029323883,30.22206674811954
20250718111117482412,2025-07-18 11:11:17.482412,19,-1.4089656992589932,0.3529866026962837,0.8810993404349796,0.0697200018621515,9.119999796152117,1.6988584199651258,165.9352398396518,31.24120401633653
20250718111117482412,2025-07-18 11:11:17.482412,20,-1.2699607176333476,0.5061878480474606,0.8753849554843722,0.0697200018621515,6.11999986320734,1.623368467764205,158.26849394722768,32.63190655457325
20250718111117482412,2025-07-18 11:11:17.482412,21,-1.0936044963014726,1.0410475214380497,1.3496266299093689,0.0697200018621515,8.51999980956316,2.025152531634006,136.4103865974824,41.79228527733903
20250718111117482412,2025-07-18 11:11:17.482412,22,-1.1364639293566414,1.0413875688021226,1.2666440525798706,0.0697200018621515,8.879999801516533,1.9951003701869965,137.49971931483051,39.4108889555153
20250718111117511908,2025-07-18 11:11:17.511908,1,1.536573949938881,0.4597952728943458,0.987483477837195,-0.1391600037168245,9.119999796152117,1.88350599032979,16.658974553667555,31.61974859409092
20250718111117511908,2025-07-18 11:11:17.511908,2,-1.5917603638197513,0.2791294912581979,1.1339121057139536,-0.1391600037168245,7.35999983549118,1.9741760286768504,170.05379824092793,35.05568864332332
20250718111117511908,2025-07-18 11:11:17.511908,3,1.5822035875229403,0.3543144284443077,1.0157469849245355,-0.1391600037168245,9.759999781847,1.913282217540728,12.622417030165025,32.06577042787674
20250718111117511908,2025-07-18 11:11:17.511908,4,-1.5762329948544584,0.3250336321341275,1.1216121282370035,-0.1391600037168245,7.879999823868275,1.9616755802870407,168.3484056466633,34.87320746519301
20250718111117511908,2025-07-18 11:11:17.511908,5,1.604811020908707,0.2927378250072034,1.0322463860881592,-0.1391600037168245,10.239999771118164,1.9304523948059584,10.337813387600834,32.324744721115174
20250718111117511908,2025-07-18 11:11:17.511908,6,1.5383379037580542,0.4489284581594072,0.8714699391472462,-0.1391600037168245,7.519999831914902,1.824138185972053,16.26866789867526,28.53812191433392
20250718111117511908,2025-07-18 11:11:17.511908,7,-1.5592871226497396,0.3704672365951732,1.1094382306124315,-0.1391600037168245,8.51999980956316,1.949224330803464,166.63503222115074,34.69230389220992
20250718111117511908,2025-07-18 11:11:17.511908,8,-1.6151540800469728,0.2616343144042196,1.0405805466360016,-0.1391600037168245,10.759999759495258,1.9390675828354795,170.79874051724627,32.455176827066964
20250718111117511908,2025-07-18 11:11:17.511908,9,1.585329203540275,0.3432822425185238,0.8997777573116252,-0.0697200018621515,7.35999983549118,1.8549154682030464,12.218019797307669,29.01755009681489
20250718111117511908,2025-07-18 11:11:17.511908,10,-1.5409379973460848,0.415389417465824,1.0974013685258956,-0.1391600037168245,8.999999798834324,1.9368345420944115,164.91343346165735,34.513146002698555
20250718111117511908,2025-07-18 11:11:17.511908,11,-1.5938260587879671,0.3236353158818448,1.023967428360151,-0.1391600037168245,11.119999751448631,1.9218560345926088,168.52182714437902,32.19492473134612
20250718111117511908,2025-07-18 11:11:17.511908,12,1.6141522980607734,0.2660045987379354,0.920484239555614,-0.0697200018621515,7.239999838173389,1.877108767001764,9.357963198242237,29.36512812345046
20250718111117511908,2025-07-18 11:11:17.511908,13,-1.5212021319170004,0.45975974781726,1.0855123743403263,-0.1391600037168245,9.519999787211418,1.92451865844626,163.1833723920093,34.33590142278171
20250718111117511908,2025-07-18 11:11:17.511908,14,-1.5761547288111395,0.3695682545508946,1.011659734537791,-0.1391600037168245,11.239999748766422,1.909004935145686,166.803979729523,32.00145968166107
20250718111117511908,2025-07-18 11:11:17.511908,15,-1.6245555620335972,0.2347200409529724,0.9288669115496596,-0.0697200018621515,7.1199998408555984,1.886019090871316,171.77864827111165,29.505119776376475
20250718111117511908,2025-07-18 11:11:17.511908,16,-1.5000972873084475,0.5035382973488568,1.0737819473475292,-0.1391600037168245,9.999999776482582,1.912289297866984,161.44462073570685,34.16073715910966
20250718111117511908,2025-07-18 11:11:17.511908,17,-1.5570649660290394,0.4149685259477298,0.9994947684808552,-0.1391600037168245,11.239999748766422,1.89621728137438,165.0771304595186,31.809673727377948
20250718111117511908,2025-07-18 11:11:17.511908,18,-1.6031033947193305,0.2970819375957991,0.9121570917057408,-0.0697200018621515,6.8799998462200165,1.8682153868747016,169.5012340698702,29.2256565630814
20250718111117511908,2025-07-18 11:11:17.511908,19,-1.48527617595052,0.5323757512519386,1.0660549748624286,-0.1391600037168245,10.239999771118164,1.9041907648122336,160.28051658596675,34.0451988327311
20250718111117511908,2025-07-18 11:11:17.511908,20,-1.536573949938881,0.4597952728943458,0.987483477837195,-0.1391600037168245,10.99999975413084,1.88350599032979,163.34102544633245,31.61974859409092
20250718111117511908,2025-07-18 11:11:17.511908,21,-1.580846868976728,0.1832477936214503,0.8559091872094362,-0.0697200018621515,6.6399998515844345,1.806996711056822,173.387927121002,28.272395087635925
20250718111117511908,2025-07-18 11:11:17.511908,22,-1.461932506583239,0.5750807279474738,1.05461221084407,-0.1391600037168245,10.519999764859676,1.8921340895197585,158.52680086408705,33.873870647626575
20250718111117511908,2025-07-18 11:11:17.511908,23,-1.5221438535191472,0.4893412023217037,0.9795666699075076,-0.1391600037168245,10.639999762177467,1.87508068730107,162.1783586624743,31.49425551011253
20250718111117511908,2025-07-18 11:11:17.511908,24,-1.445637803226966,0.6031666360628323,1.047086614445865,-0.1391600037168245,10.519999764859676,1.8841626859509624,157.3525313862316,33.76104246786596
20250718111117511908,2025-07-18 11:11:17.511908,25,-1.344881088507181,0.5903807746808134,1.0118042912172522,-0.1391600037168245,4.999999888241291,1.783536521931251,156.29931234549915,34.562317245290814
20250718111117543148,2025-07-18 11:11:17.543148,1,-1.2026310649146392,1.0980022364237865,1.3058422580535043,0.0697200018621515,8.879999801516533,2.087379791127535,137.60391886480244,38.72544640030962
20250718111117543148,2025-07-18 11:11:17.543148,2,-1.2461239808465572,1.0947329578153606,1.218682302274903,0.0697200018621515,6.11999986320734,2.058264263510907,138.70035575101355,36.305621030160765
20250718111117543148,2025-07-18 11:11:17.543148,3,-1.1447586077503649,1.107847044199427,1.3867692657401725,0.0697200018621515,6.6399998515844345,2.1120905141024373,135.93877397022968,41.040025871163216
20250718111117574292,2025-07-18 11:11:17.574292,1,1.536573949938881,0.4597952728943458,0.987483477837195,0.1391600037168245,9.879999779164793,1.88350599032979,16.658974553667555,31.61974859409092
20250718111117574292,2025-07-18 11:11:17.574292,2,1.5761547288111395,0.3695682545508946,1.011659734537791,0.1391600037168245,11.119999751448631,1.909004935145686,13.196020270477016,32.00145968166107
20250718111117574292,2025-07-18 11:11:17.574292,3,1.6349645612468504,0.3661295794125971,0.9829255782006536,0.0697200018621515,8.119999818503857,1.9424990804978624,12.62241703016503,30.398476737046064
20250718111117574292,2025-07-18 11:11:17.574292,4,1.4390523196634657,0.4199542489975882,0.9443061905237125,0.1391600037168245,8.639999806880951,1.771707462150943,16.26866789867526,32.207846974087154
20250718111117574292,2025-07-18 11:11:17.574292,5,1.604811020908707,0.2927378250072034,1.0322463860881592,0.1391600037168245,12.519999720156193,1.9304523948059584,10.337813387600834,32.324744721115174
20250718111117574292,2025-07-18 11:11:17.574292,6,1.6583258737214002,0.3024996109208481,0.9999751768724354,0.0697200018621515,8.879999801516533,1.9599747632105289,10.337813387600834,30.6770183917126
20250718111117574292,2025-07-18 11:11:17.574292,7,1.483010762597497,0.3211265263559762,0.9707869989953392,0.1391600037168245,9.119999796152117,1.8013524267415977,12.218019797307669,32.61022994354104
20250718111117574292,2025-07-18 11:11:17.574292,8,-1.6151540800469728,0.2616343144042196,1.0405805466360016,0.1391600037168245,13.999999687075617,1.9390675828354795,170.79874051724627,32.455176827066964
20250718111117574292,2025-07-18 11:11:17.574292,9,-1.669013837823681,0.2703589066731358,1.0085872526197774,0.0697200018621515,9.759999781847,1.9687430953305047,170.79874051724627,30.817158975762823
20250718111117574292,2025-07-18 11:11:17.574292,10,1.509973591068586,0.2488364447887778,0.9901570679720502,0.1391600037168245,9.63999978452921,1.822731697544838,9.357963198242231,32.90358594983184
20250718111117574292,2025-07-18 11:11:17.574292,11,-1.585650410640026,0.3164690997988011,1.008424996095063,0.1391600037168245,15.75999964773655,1.9056129955055603,168.7130346434025,31.95051787819592
20250718111117574292,2025-07-18 11:11:17.574292,12,-1.646974601409999,0.3344274254005092,0.9914201447665196,0.0697200018621515,10.639999762177467,1.9512254979879968,168.52182714437902,30.537438553040115
20250718111117574292,2025-07-18 11:11:17.574292,13,-1.5197054198921431,0.2195710179016708,0.9979987154726024,0.1391600037168245,9.999999776482582,1.831315765027128,171.77864827111165,33.02211216539839
20250718111117574292,2025-07-18 11:11:17.574292,14,-1.5721304909628702,0.2271455294273217,0.963432813511131,0.1391600037168245,17.359999611973763,1.857792280720304,171.77864827111165,31.237730274983644
20250718111117574292,2025-07-18 11:11:17.574292,15,-1.6203593858027765,0.3742434096582408,0.9627065525606318,0.0697200018621515,11.639999739825726,1.9215687797148853,166.99483126585608,30.06620201244712
20250718111117574292,2025-07-18 11:11:17.574292,16,-1.4996377929683122,0.2779080268274988,0.9823673610420796,0.1391600037168245,10.359999768435957,1.8141642741259136,169.5012340698702,32.785711410306966
20250718111117574292,2025-07-18 11:11:17.574292,17,-1.5513705938438214,0.287494982211649,0.9472622263739104,0.0697200018621515,18.999999575316902,1.8403015540272367,169.5012340698702,30.979547783692144
20250718111117574292,2025-07-18 11:11:17.574292,18,-1.6007342336960055,0.4209169719241381,0.9502004092436008,0.0697200018621515,12.639999717473984,1.908507794562765,165.2674470149824,29.859582818313765
20250718111117574292,2025-07-18 11:11:17.574292,19,-1.483010762597497,0.3211265263559762,0.9707869989953392,0.1391600037168245,10.639999762177467,1.8013524267415977,167.78198020269232,32.61022994354104
20250718111117574292,2025-07-18 11:11:17.574292,20,-1.5341699830688862,0.3322043844372501,0.9352823781534824,0.0697200018621515,20.359999544918537,1.8272357310630043,167.78198020269232,30.78756564684054
20250718111117574292,2025-07-18 11:11:17.574292,21,-1.5796685288896202,0.467000924738049,0.9378522513030794,0.0697200018621515,13.519999697804453,1.8955235082015585,163.53062258408312,29.65472711416925
20250718111117574292,2025-07-18 11:11:17.574292,22,-1.4650491227002251,0.3638438369572893,0.959340930116888,0.1391600037168245,10.639999762177467,1.7885989740056427,166.052808979771,32.43649340235462
20250718111117574292,2025-07-18 11:11:17.574292,23,-1.5155887229242715,0.3763953082894674,0.9234414557944954,0.0697200018621515,21.239999525249004,1.814228962241923,166.052808979771,30.59720333178236
20250718111117574292,2025-07-18 11:11:17.574292,24,-1.5661283231483183,0.3889467796216454,0.8875419814721028,0.0697200018621515,14.239999681711195,1.841675403218721,166.052808979771,28.81093838157532
20250718111117574292,2025-07-18 11:11:17.574292,25,-1.3486399792433987,0.8967749142549851,1.460728049728027,0.0697200018621515,5.119999885559082,2.181000109058438,146.37817571081595,42.04788676590555
20250718111117574292,2025-07-18 11:11:17.574292,26,-1.4457690375393066,0.4060215159369471,0.9480394550956694,0.1391600037168245,10.519999764859676,1.7759167744376885,164.3134372158133,32.264668446197504
20250718111117574292,2025-07-18 11:11:17.574292,27,-1.4956435352891628,0.4200279849214097,0.9117501153273582,0.0697200018621515,21.51999951899052,1.8012943583903371,164.3134372158133,30.408642865013043
20250718111117574292,2025-07-18 11:11:17.574292,28,-1.5455180330390188,0.4340344539058721,0.8754607755590467,0.0697200018621515,14.759999670088291,1.8285085362580653,164.3134372158133,28.60601837570285
20250718111117574292,2025-07-18 11:11:17.574292,29,-1.4743523694853689,0.4630631478709808,0.9002188781688787,0.0697200018621515,21.119999527931213,1.788445251310461,162.56359029323883,30.22206674811954
20250718111117574292,2025-07-18 11:11:17.574292,30,-1.5235168810814936,0.4785046895094885,0.863545011841836,0.0697200018621515,14.999999664723871,1.8154284376696788,162.56359029323883,28.40298861553217
20250718111117574292,2025-07-18 11:11:17.574292,31,-1.508086471993029,0.5077887047332585,0.855698383611486,0.0697200018621515,14.879999667406082,1.8067633766983355,161.39107503469688,28.26878428179302
20250718111117574292,2025-07-18 11:11:17.574292,32,-1.5567530379897427,0.5241752534956966,0.8187713033887445,0.0697200018621515,4.999999888241291,1.8353817490975752,161.39107503469688,26.49399972950179
20250718111117574292,2025-07-18 11:11:17.574292,33,-1.169104302028518,1.085496100232116,1.3927581831262867,0.0697200018621515,7.519999831914902,2.1177540011309044,137.123747968615,41.12151377952468
20250718111117574292,2025-07-18 11:11:17.574292,34,-1.2124234860374834,1.125717323629703,1.3702578639011769,-0.0697200018621515,6.519999854266644,2.1482124698917286,137.123747968615,39.6323969234435
20250718111117605205,2025-07-18 11:11:17.605205,1,-1.4527306354724066,0.8397849143313492,1.6866562985757731,0.0697200018621515,5.519999876618385,2.3791751661245755,149.9689361642666,45.147501980270256
20250718111117605205,2025-07-18 11:11:17.605205,2,-1.5023391999300024,0.8501172883225856,1.6074915483173018,0.0697200018621515,5.759999871253967,2.358760596894653,150.4961096603587,42.96084374419403
20250718111117605205,2025-07-18 11:11:17.605205,3,-1.4345959040129408,0.867675276127042,1.6791830986560057,0.0697200018621515,5.999999865889549,2.372884673014015,148.83352503749808,45.0444179059639
20250718111117605205,2025-07-18 11:11:17.605205,4,-1.4835851946887626,0.8789600639912312,1.5997631498694165,0.0697200018621515,6.239999860525131,2.352198537468995,149.35509271542284,42.8525518405167
20250718111117605205,2025-07-18 11:11:17.605205,5,-1.4158873533452114,0.8952097472902707,1.6718052593438002,0.0697200018621515,6.7599998489022255,2.366658047580176,147.69644633126669,44.94269127676648
20250718111117605205,2025-07-18 11:11:17.605205,6,-1.4642377751770466,0.9074347958980232,1.5921333684502983,0.0697200018621515,6.8799998462200165,2.345702204883392,148.21218605725153,42.74564145370103
20250718111117605205,2025-07-18 11:11:17.605205,7,-1.3450678940572218,0.8883352694047462,1.6769070315617869,0.0697200018621515,5.119999885559082,2.326018998846161,146.5576723182986,46.13167737423182
20250718111117605205,2025-07-18 11:11:17.605205,8,-1.4023810833488854,0.8886048301905168,1.6030641996139705,0.0697200018621515,7.519999831914902,2.307835799023988,147.64001533982645,43.99678154221732
20250718111117605205,2025-07-18 11:11:17.605205,9,-1.4543439442286843,0.9215305803425672,1.5883564143916995,0.0697200018621515,7.519999831914902,2.3424796728595987,147.64001533982645,42.69271741068213
20250718111117605205,2025-07-18 11:11:17.605205,10,-1.325966373584157,0.9141363386895835,1.6699936558830553,0.0697200018621515,5.759999871253967,2.320066999092562,145.41717748761758,46.03830601042088
20250718111117605205,2025-07-18 11:11:17.605205,11,-1.3828806803188995,0.9155092891154332,1.595855171572243,0.0697200018621515,8.359999813139439,2.301579884142582,146.49422289796846,43.89777068230985
20250718111117605205,2025-07-18 11:11:17.605205,12,-1.4341209867220457,0.9494319385217312,1.5808802679998613,0.0697200018621515,8.239999815821648,2.336087847704589,146.49422289796846,42.58795752764911
20250718111117605205,2025-07-18 11:11:17.605205,13,-1.3162162391850156,0.9268972068623276,1.6665743915614484,0.0697200018621515,6.239999860525131,2.317117567796667,144.8462774152366,45.99215170693155
20250718111117605205,2025-07-18 11:11:17.605205,14,-1.362827143479675,0.9420316735924784,1.5887485200702711,0.0697200018621515,9.359999790787697,2.295396122041225,145.34647586888343,43.80019930199768
20250718111117605205,2025-07-18 11:11:17.605205,15,-1.413324399967718,0.9769370651301024,1.5735102915374326,0.0697200018621515,8.999999798834324,2.3297696294576733,145.34647586888346,42.48468275921803
20250718111117605205,2025-07-18 11:11:17.605205,16,-1.296322096990372,0.95213323001544,1.6598124195373989,0.0697200018621515,6.8799998462200165,2.3112736607541184,143.70315852970117,45.9009269745024
20250718111117605205,2025-07-18 11:11:17.605205,17,-1.342228493978213,0.9681613750219628,1.5817470876737745,0.0697200018621515,10.639999762177467,2.2892875807761475,144.19675248945308,43.70410461312004
20250718111117605205,2025-07-18 11:11:17.605205,18,-1.3906367660567025,0.99847840661431,1.549494043757556,0.0697200018621515,9.63999978452921,2.309060747408746,144.32162010923747,42.1481169318751
20250718111117605205,2025-07-18 11:11:17.605205,19,-1.2759094432641749,0.9769799064473962,1.6531547726528588,0.0697200018621515,7.639999829232693,2.30550544292517,142.5582651589765,45.81117513899608
20250718111117605205,2025-07-18 11:11:17.605205,20,-1.33172731829681,0.9810756972399952,1.5782867054646572,0.0697200018621515,11.879999734461308,2.286262473702317,143.6211435480523,43.6566225044156
20250718111117605205,2025-07-18 11:11:17.605205,21,-1.3797568592041092,1.0118584915742634,1.5459088607978766,0.0697200018621515,10.359999768435957,2.3059533393772567,143.74516867142995,42.0978688932278
20250718111117605205,2025-07-18 11:11:17.605205,22,-1.3103265155115027,1.00659682770477,1.5714483391666916,0.0697200018621515,13.23999970406294,2.280272491056184,142.4684203151922,43.562811399669926
20250718111117605205,2025-07-18 11:11:17.605205,23,-1.2981914231570733,1.013794452985402,1.5519273354262155,0.0697200018621515,14.6399996727705,2.2630860828756982,142.0127144518084,43.29517741656554
20250718111117605205,2025-07-18 11:11:17.605205,24,-1.276028854614777,1.0386603397865752,1.5452645411387576,0.0697200018621515,15.999999642372131,2.2571901650848645,140.85514387067377,43.2038843097716
20250718111117605205,2025-07-18 11:11:17.605205,25,-1.2953001573472376,1.0848579744456524,1.4717329862167126,0.0697200018621515,12.23999972641468,2.2406957189811525,140.05267973688646,41.05777017030976
20250718111117605205,2025-07-18 11:11:17.605205,26,-1.225925722260387,1.0700035664870955,1.4842018146541671,0.0697200018621515,18.35999958962202,2.2024206081985063,138.88513054037776,42.36845488305994
20250718111117605205,2025-07-18 11:11:17.605205,27,-1.1504152588234542,1.0807991578511784,1.540484854003159,0.0697200018621515,12.11999972909689,2.2056009776835848,136.78710533560755,44.302156713026
20250718111117728638,2025-07-18 11:11:17.728638,1,-1.468350666232783,0.9283802314824848,1.6596445579105814,0.0697200018621515,5.119999885559082,2.4025743675973774,147.69644633126669,43.69169428611301
20250718111117728638,2025-07-18 11:11:17.728638,2,-1.3977308376990445,0.9584667506951404,1.796188150595122,-0.0697200018621515,4.999999888241291,2.4695347495391307,145.56037644819213,46.66374792014607
20250718111117728638,2025-07-18 11:11:17.728638,3,-1.4483615811768835,0.9565544468757612,1.6520952996485725,0.0697200018621515,5.359999880194664,2.396281819567119,146.5576723182986,43.58588752066802
20250718111117728638,2025-07-18 11:11:17.728638,4,-1.3778814424899972,0.985277999662096,1.7890040980863564,-0.0697200018621515,5.239999882876873,2.463709737194346,144.4326794976801,46.563965071626285
20250718111117728638,2025-07-18 11:11:17.728638,5,-1.4277931708256413,0.9843368938961288,1.6446510154057048,0.0697200018621515,5.639999873936176,2.3900605477302106,145.41717748761758,43.48155849732759
20250718111117728638,2025-07-18 11:11:17.728638,6,-1.3682968651782228,0.9812626452704338,1.719399596327576,-0.0697200018621515,5.519999876618385,2.406542678223495,144.35411760331877,45.59968014759083
20250718111117728638,2025-07-18 11:11:17.728638,7,-1.4172942806674416,0.9980777253333548,1.6409691707187677,0.0697200018621515,5.759999871253967,2.386977595845567,144.8462774152366,43.429960812587765
20250718111117728638,2025-07-18 11:11:17.728638,8,-1.347615542770899,1.0074972185434012,1.712370063605309,-0.0697200018621515,5.759999871253967,2.400693552126561,143.2176690385541,45.502530328207136
20250718111117728638,2025-07-18 11:11:17.728638,9,-1.3958723796819987,1.0252517338411389,1.6336879170839906,-0.0697200018621515,5.999999865889549,2.380868965006175,143.70315852970117,43.327924162642425
20250718111117728638,2025-07-18 11:11:17.728638,10,-1.3128693981418411,1.0955156587039354,1.5417372531497056,-0.0697200018621515,6.359999857842922,2.302332376698125,140.15690201805998,42.03939985090842
20250718111117728638,2025-07-18 11:11:17.728638,11,-1.2480035665037117,1.1203963321884318,1.6821188372779334,-0.0697200018621515,6.359999857842922,2.3753577890314843,138.08406254093717,45.08490784587048
20250718111117883687,2025-07-18 11:11:17.883687,1,-1.466972697533246,0.6774117905838183,1.276888853035945,0.0697200018621515,4.999999888241291,2.059451570767663,155.21367252687733,38.31715849585351
20250718111117883687,2025-07-18 11:11:17.883687,2,-1.3980484240066515,0.6803768652433544,1.2954453873723106,0.0697200018621515,4.999999888241291,2.0237664950013508,154.04957926370835,39.80047258534554
20250718111117883687,2025-07-18 11:11:17.883687,3,-1.44985074551715,0.7055870800802859,1.2693393069688534,0.0697200018621515,5.239999882876873,2.052106865655156,154.04957926370835,38.21063071415077
20250718111117883687,2025-07-18 11:11:17.883687,4,-1.3809790286454873,0.7072211033420513,1.288252495452336,0.0697200018621515,5.239999882876873,2.016645546101285,152.88229952985023,39.70311008805302
20250718111117883687,2025-07-18 11:11:17.883687,5,-1.432148872559856,0.7334259860522941,1.261879894595488,0.0697200018621515,5.639999873936176,2.04482393828309,152.88229952985023,38.10534707518312
20250718111117883687,2025-07-18 11:11:17.883687,6,-1.3633572601103654,0.7337302393665802,1.281149393862517,0.0697200018621515,5.519999876618385,2.0095887271406747,151.71179557469154,39.60700609383242
20250718111117883687,2025-07-18 11:11:17.883687,7,-1.4138741591742088,0.7609173733091322,1.254513599581207,0.0697200018621515,5.879999868571758,2.0376063796814248,151.7117955746915,38.00135063196124
20250718111117883687,2025-07-18 11:11:17.883687,8,-1.3950339150015765,0.7880502456629359,1.2472433683456683,0.0697200018621515,5.999999865889549,2.030457789163884,150.5380324490066,37.89868398546079
20250718111117883687,2025-07-18 11:11:17.883687,9,-1.345509109863171,0.8542430670731852,1.2295070553040546,0.0697200018621515,6.359999857842922,2.0129117172419244,147.58916323039563,37.648110461058245
20250718111117883687,2025-07-18 11:11:17.883687,10,-1.280347580806327,0.7943795788326804,1.1978027462912826,0.0697200018621515,6.239999860525131,1.924853309207208,148.1828571539421,38.48301522152031
20250718111117943688,2025-07-18 11:11:17.943688,1,0.0399672745285283,0.2366208010829946,2.080138751812916,-2.922360078053316,5.239999882876873,2.0939350547073303,80.412745033179,83.4192388506768
20250718111117974397,2025-07-18 11:11:17.974397,1,-1.3828806803188995,0.9155092891154332,1.595855171572243,-0.0697200018621515,4.999999888241291,2.301579884142582,146.49422289796846,43.89777068230985
20250718111117974397,2025-07-18 11:11:17.974397,2,-1.362827143479675,0.9420316735924784,1.5887485200702711,-0.0697200018621515,5.239999882876873,2.295396122041225,145.34647586888343,43.80019930199768
20250718111117974397,2025-07-18 11:11:17.974397,3,-1.342228493978213,0.9681613750219628,1.5817470876737745,-0.0697200018621515,5.519999876618385,2.2892875807761475,144.19675248945308,43.70410461312004
20250718111117974397,2025-07-18 11:11:17.974397,4,-1.225925722260387,1.0700035664870955,1.4842018146541671,-0.0697200018621515,6.519999854266644,2.2024206081985063,138.88513054037776,42.36845488305994
20250718111118005662,2025-07-18 11:11:18.005662,1,0.1145842738320227,0.1529200770331253,2.1658158626642816,-1.5307600408850703,4.999999888241291,2.1742291638044176,53.1554771203419,84.95793625262932
20250718111118114304,2025-07-18 11:11:18.114304,1,-1.1868178185716791,1.1601562512503063,1.6008130575702595,0.0697200018621515,5.879999868571758,2.305884105301445,135.65085064035458,43.96586002215501
20250718111118144481,2025-07-18 11:11:18.144481,1,-1.4175881755781266,0.913974670113988,1.7374293549310709,-0.0697200018621515,5.239999882876873,2.4214802696956035,147.18853766279727,45.84904602686444
20250718111118144481,2025-07-18 11:11:18.144481,2,-1.3982901350844563,0.9411748720249996,1.730141082795052,-0.0697200018621515,5.639999873936176,2.415453085444016,146.0559039628444,45.74821003510084
20250718111118144481,2025-07-18 11:11:18.144481,3,-1.3784327972053738,0.967996849424814,1.7229541556113657,-0.0697200018621515,5.999999865889549,2.409494946922752,144.92176183108975,45.64882068689784
20250718111118144481,2025-07-18 11:11:18.144481,4,-1.3682968651782228,0.9812626452704338,1.719399596327576,-0.0697200018621515,6.359999857842922,2.406542678223495,144.35411760331877,45.59968014759083
20250718111118144481,2025-07-18 11:11:18.144481,5,-1.4172942806674416,0.9980777253333548,1.6409691707187677,-0.0697200018621515,5.119999885559082,2.386977595845567,144.8462774152366,43.429960812587765
20250718111118144481,2025-07-18 11:11:18.144481,6,-1.347615542770899,1.0074972185434012,1.712370063605309,-0.0697200018621515,6.8799998462200165,2.400693552126561,143.2176690385541,45.502530328207136
20250718111118144481,2025-07-18 11:11:18.144481,7,-1.3958723796819987,1.0252517338411389,1.6336879170839906,-0.0697200018621515,5.359999880194664,2.380868965006175,143.70315852970117,43.327924162642425
20250718111118144481,2025-07-18 11:11:18.144481,8,-1.1663613430320232,1.0950309174126402,1.621523099599044,-0.0697200018621515,5.999999865889549,2.2779000538088416,136.80666476952285,45.38563452669352
20250718111118144481,2025-07-18 11:11:18.144481,9,-1.20766546564847,1.1161194698453192,1.5421018356522085,-0.0697200018621515,9.359999790787697,2.2543860848154744,137.25601265797698,43.160558692051936
20250718111118144481,2025-07-18 11:11:18.144481,10,-1.2399416610658374,1.169512641428106,1.5219098213864242,-0.0697200018621515,7.1199998408555984,2.285043685739796,136.67429484072534,41.76146590365372
20250718111118175852,2025-07-18 11:11:18.175852,1,-1.4642377751770466,0.9074347958980232,1.5921333684502983,0.0697200018621515,5.119999885559082,2.345702204883392,148.21218605725153,42.74564145370103
20250718111118175852,2025-07-18 11:11:18.175852,2,-1.4023810833488854,0.8886048301905168,1.6030641996139705,-0.0697200018621515,5.239999882876873,2.307835799023988,147.64001533982645,43.99678154221732
20250718111118175852,2025-07-18 11:11:18.175852,3,-1.4543439442286843,0.9215305803425672,1.5883564143916995,0.0697200018621515,5.519999876618385,2.3424796728595987,147.64001533982645,42.69271741068213
20250718111118175852,2025-07-18 11:11:18.175852,4,-1.3828806803188995,0.9155092891154332,1.595855171572243,-0.0697200018621515,5.759999871253967,2.301579884142582,146.49422289796846,43.89777068230985
20250718111118175852,2025-07-18 11:11:18.175852,5,-1.4341209867220457,0.9494319385217312,1.5808802679998613,-0.0697200018621515,5.999999865889549,2.336087847704589,146.49422289796846,42.58795752764911
20250718111118175852,2025-07-18 11:11:18.175852,6,-1.362827143479675,0.9420316735924784,1.5887485200702711,-0.0697200018621515,6.239999860525131,2.295396122041225,145.34647586888343,43.80019930199768
20250718111118175852,2025-07-18 11:11:18.175852,7,-1.413324399967718,0.9769370651301024,1.5735102915374326,-0.0697200018621515,6.359999857842922,2.3297696294576733,145.34647586888346,42.48468275921803
20250718111118175852,2025-07-18 11:11:18.175852,8,-1.342228493978213,0.9681613750219628,1.5817470876737745,-0.0697200018621515,6.7599998489022255,2.2892875807761475,144.19675248945308,43.70410461312004
20250718111118175852,2025-07-18 11:11:18.175852,9,-1.3906367660567025,0.99847840661431,1.549494043757556,-0.0697200018621515,6.8799998462200165,2.309060747408746,144.32162010923747,42.1481169318751
20250718111118175852,2025-07-18 11:11:18.175852,10,-1.3304589513692495,0.9757053778377446,1.5621332723524788,-0.0697200018621515,7.35999983549118,2.2720876669289685,143.74516867142995,43.43507163136098
20250718111118175852,2025-07-18 11:11:18.175852,11,-1.2953001573472376,1.0848579744456524,1.4717329862167126,-0.0697200018621515,8.759999804198742,2.2406957189811525,140.05267973688646,41.05777017030976
20250718111118175852,2025-07-18 11:11:18.175852,12,-1.225925722260387,1.0700035664870955,1.4842018146541671,-0.0697200018621515,10.119999773800371,2.2024206081985063,138.88513054037776,42.36845488305994
20250718111118175852,2025-07-18 11:11:18.175852,13,-1.1464353342241058,1.0642329508135009,1.494203096498801,-0.0697200018621515,6.8799998462200165,2.1632264427797088,137.1295283096554,43.68783810207343
20250718111118207167,2025-07-18 11:11:18.207167,1,-1.3966124666397066,0.9223773144001834,1.6645257316763808,-0.0697200018621515,4.999999888241291,2.3604982955948794,146.5576723182986,44.842360521730505
20250718111118207167,2025-07-18 11:11:18.207167,2,-1.376778953593769,0.9491671107926516,1.6573474273676247,-0.0697200018621515,5.359999880194664,2.3544084153500866,145.41717748761758,44.74346355018711
20250718111118207167,2025-07-18 11:11:18.207167,3,-1.366655182657434,0.9624169903369786,1.6537971328439127,-0.0697200018621515,5.639999873936176,2.351390611569345,144.8462774152366,44.69456443432648
20250718111118207167,2025-07-18 11:11:18.207167,4,-1.345998673699857,0.988620087370046,1.646776034154708,-0.0697200018621515,5.999999865889549,2.3454111395274904,143.70315852970117,44.59788804660619
20250718111118207167,2025-07-18 11:11:18.207167,5,-1.3958723796819987,1.0252517338411389,1.6336879170839906,-0.0697200018621515,4.999999888241291,2.380868965006175,143.70315852970117,43.327924162642425
20250718111118207167,2025-07-18 11:11:18.207167,6,-1.231354372381677,1.0925595625126148,1.5484146937957588,-0.0697200018621515,7.519999831914902,2.2599796574269964,138.41790694847955,43.24704406156464
20250718111118207167,2025-07-18 11:11:18.207167,7,-1.276980127538761,1.133042510567051,1.5316819634985013,-0.0697200018621515,6.11999986320734,2.2935808715167685,138.41790694847955,41.89845577264792
20250718111118404508,2025-07-18 11:11:18.404508,1,0.1496594203699863,0.1606483406015682,-0.125710678293497,1.8090800483187195,5.639999873936176,0.2530000120168552,47.02816632568361,-29.793804680859363
20250718111118845084,2025-07-18 11:11:18.845084,1,0.1138827121440865,0.1037344027562859,2.200696057858725,2.226560059469193,5.759999871253967,2.2060809680325493,42.33001539113645,85.99590366234094
20250718111119009238,2025-07-18 11:11:19.009238,1,0.1013214190958614,0.1256414488654645,2.194826082545219,1.4613200390303973,5.519999876618385,2.200752902136313,51.11614739114666,85.79408630508861
20250718111119124215,2025-07-18 11:11:19.124215,1,-1.3827558713372814,0.870367412705413,1.817837918520593,0.1391600037168245,5.239999882876873,2.444194740774253,147.81188232922338,48.05072609715906
20250718111119124215,2025-07-18 11:11:19.124215,2,-1.4357446912242942,0.9037209084477736,1.8108572548142647,0.1391600037168245,7.639999829232693,2.481386365735468,147.81188232922338,46.86765370036989
20250718111119124215,2025-07-18 11:11:19.124215,3,-1.485965995937072,0.9536627465917904,1.872650932962337,-0.1391600037168245,7.239999838173389,2.57378885925846,147.30847796047723,46.68434116481518
20250718111119124215,2025-07-18 11:11:19.124215,4,-1.365269455565577,0.880242740285528,1.7471200114274636,0.1391600037168245,5.639999873936176,2.3856270250095686,147.18853766279727,47.08398005542364
20250718111119124215,2025-07-18 11:11:19.124215,5,-1.417021159234166,0.9312774285017424,1.8034735075195925,0.1391600037168245,8.239999815821648,2.475427903793439,146.68676855323858,46.76498995391892
20250718111119124215,2025-07-18 11:11:19.124215,6,-1.4695264833827075,0.9657843396632744,1.7961915504900754,-0.1391600037168245,7.999999821186066,2.513672922667926,146.68676855323858,45.60784930248551
20250718111119124215,2025-07-18 11:11:19.124215,7,-1.5189878454222534,1.017276005604201,1.8601857545601752,-0.1391600037168245,5.879999868571758,2.608153674074284,146.18952334500003,45.49746056815823
20250718111119124215,2025-07-18 11:11:19.124215,8,-1.3466836450374025,0.906439068312302,1.7401007264880288,0.1391600037168245,5.999999865889549,2.3797351034722887,146.0559039628444,46.98844482615102
20250718111119124215,2025-07-18 11:11:19.124215,9,-1.3977308376990445,0.9584667506951404,1.796188150595122,0.1391600037168245,8.999999798834324,2.4695347495391307,145.56037644819213,46.66374792014607
20250718111119124215,2025-07-18 11:11:19.124215,10,-1.4495213915856666,0.9939811162378862,1.7886362469777473,-0.1391600037168245,8.879999801516533,2.507654351800623,145.56037644819213,45.5016512592588
20250718111119124215,2025-07-18 11:11:19.124215,11,-1.498309421705579,1.0464218300457797,1.852376154438315,-0.1391600037168245,6.519999854266644,2.602158178723912,145.06948670208462,45.386572429228174
20250718111119124215,2025-07-18 11:11:19.124215,12,-1.3275591790308343,0.9322711309047418,1.7331790461775545,0.1391600037168245,6.519999854266644,2.3739107905429737,144.92176183108975,46.894311061800266
20250718111119124215,2025-07-18 11:11:19.124215,13,-1.3778814424899972,0.985277999662096,1.7890040980863564,0.1391600037168245,9.879999779164793,2.463709737194346,144.4326794976801,46.563965071626285
20250718111119124215,2025-07-18 11:11:19.124215,14,-1.4289365105846032,1.0217858107216318,1.7811860015450336,-0.1391600037168245,9.879999779164793,2.501705291670813,144.43267949768014,45.396956008692825
20250718111119124215,2025-07-18 11:11:19.124215,15,-1.4799915786792093,1.0582936217811678,1.7733679050037108,-0.1391600037168245,7.1199998408555984,2.540707419078657,144.4326794976801,44.26531853583453
20250718111119124215,2025-07-18 11:11:19.124215,16,-1.3162162391850156,0.9268972068623276,1.6665743915614484,0.1391600037168245,6.999999843537808,2.317117567796667,144.8462774152366,45.99215170693155
20250718111119124215,2025-07-18 11:11:19.124215,17,-1.3682968651782228,0.9812626452704338,1.719399596327576,0.1391600037168245,10.87999975681305,2.406542678223495,144.35411760331877,45.59968014759083
20250718111119124215,2025-07-18 11:11:19.124215,18,-1.4184292131873244,1.0355376454604734,1.7775012085323147,-0.1391600037168245,11.119999751448631,2.4987577302177324,143.8683339870522,45.34518434571015
20250718111119124215,2025-07-18 11:11:19.124215,19,-1.4691088616743166,1.0725368015544574,1.7695514564858066,-0.1391600037168245,7.759999826550484,2.53770139994636,143.8683339870522,44.21116852326482
20250718111119124215,2025-07-18 11:11:19.124215,20,-1.296322096990372,0.95213323001544,1.6598124195373989,0.1391600037168245,7.639999829232693,2.3112736607541184,143.70315852970117,45.9009269745024
20250718111119124215,2025-07-18 11:11:19.124215,21,-1.347615542770899,1.0074972185434012,1.712370063605309,0.1391600037168245,11.9999997317791,2.400693552126561,143.2176690385541,45.502530328207136
20250718111119124215,2025-07-18 11:11:19.124215,22,-1.3969901580988855,1.0627334142098477,1.7702141242583764,-0.1391600037168245,12.519999720156193,2.492918341467911,142.73863461852957,45.24281748779008
20250718111119124215,2025-07-18 11:11:19.124215,23,-1.4469038016519176,1.1007042592592888,1.7620040089409592,-0.1391600037168245,8.639999806880951,2.531746157321133,142.73863461852957,44.10407993611523
20250718111119124215,2025-07-18 11:11:19.124215,24,-1.2759094432641749,0.9769799064473962,1.6531547726528588,0.1391600037168245,8.239999815821648,2.30550544292517,142.5582651589765,45.81117513899608
20250718111119124215,2025-07-18 11:11:19.124215,25,-1.3263951921385295,1.0333270392520366,1.7054489840057894,0.1391600037168245,13.23999970406294,2.3949207111768787,142.07965693496166,45.40691910224371
20250718111119124215,2025-07-18 11:11:19.124215,26,-1.3755425242432524,1.0716152262659155,1.6945348939286753,-0.1391600037168245,14.119999684393406,2.4314450304105817,142.07965693496166,44.18081618058535
20250718111119124215,2025-07-18 11:11:19.124215,27,-1.4241199994265217,1.1284371434485485,1.7545730050186612,-0.1391600037168245,9.63999978452921,2.5258690760649354,141.6075733290464,43.99864117706775
20250718111119124215,2025-07-18 11:11:19.124215,28,-1.3140070859059456,1.0271635012270846,1.636448357538176,0.1391600037168245,14.6399996727705,2.336587834204721,141.98514754961374,44.45574633958646
20250718111119124215,2025-07-18 11:11:19.124215,29,-1.364332323535247,1.0848479156240798,1.6909892055014633,-0.1391600037168245,16.119999639689922,2.4285267513864173,141.5100588248389,44.131099300174405
20250718111119124215,2025-07-18 11:11:19.124215,30,-1.4125139089244203,1.1421371470682316,1.7509021001124636,-0.1391600037168245,10.639999762177467,2.5229607547079165,141.04152593260008,43.94655332461067
20250718111119124215,2025-07-18 11:11:19.124215,31,-1.3415037605050657,1.1109851558397903,1.6839857530932854,-0.1391600037168245,18.35999958962202,2.422752230948669,140.36966830941543,44.03290608949992
20250718111119124215,2025-07-18 11:11:19.124215,32,-1.3282920818368011,1.1042156469242217,1.6125296003421772,-0.1391600037168245,20.87999953329563,2.3630285147586183,140.2630883830879,43.03143827742901
20250718111119124215,2025-07-18 11:11:19.124215,33,-1.3046904860113606,1.129649152769434,1.6057147129902605,-0.1391600037168245,23.75999946892261,2.357253531581754,139.1127779532472,42.93594633868022
20250718111119124215,2025-07-18 11:11:19.124215,34,-1.1023282570406054,1.023288465327519,1.5136627401401943,0.1391600037168245,5.359999880194664,2.133874823046386,137.1295283096554,45.18200210408962
20250718111119124215,2025-07-18 11:11:19.124215,35,-1.148953143878116,1.0234591837690512,1.4210576634262009,0.1391600037168245,11.879999734461308,2.0945087515813707,138.30613672213218,42.72406145309906
20250718111119124215,2025-07-18 11:11:19.124215,36,-1.1929823701946134,1.0626793349718795,1.3988719169516577,0.1391600037168245,22.879999488592148,2.123519942126148,138.3061367221322,41.20472337352717
20250718111119124215,2025-07-18 11:11:19.124215,37,-1.214569069808372,1.1323663728184528,1.3865232420307834,0.0697200018621515,32.63999927043915,2.163302643717876,137.00599595906127,39.86112216461502
20250718111119124215,2025-07-18 11:11:19.124215,38,-1.2615589141314905,1.2583811338571664,1.567948385636378,-0.0697200018621515,19.63999956101179,2.3735029201355533,135.0722530290233,41.34604559092652
20250718111119187201,2025-07-18 11:11:19.187201,1,-1.4640649278113766,0.8772228546338945,2.029038375668047,-0.2088800055789761,9.999999776482582,2.651415240861566,149.07125027761722,49.930677128076944
20250718111119187201,2025-07-18 11:11:19.187201,2,-1.3923989407102222,0.8727832540861061,1.95298045042678,-0.2088800055789761,7.879999823868275,2.552382819730078,147.9196988491362,49.92120095160921
20250718111119187201,2025-07-18 11:11:19.187201,3,-1.446976914186728,0.9053422962922666,2.021503793984072,-0.2088800055789761,10.87999975681305,2.645725694915688,147.96667151791897,49.82379427164173
20250718111119187201,2025-07-18 11:11:19.187201,4,-1.5005921982068278,0.9388882249627326,2.0223005807265984,-0.2088800055789761,7.239999838173389,2.687561661264725,147.96667151791897,48.8045028447203
20250718111119187201,2025-07-18 11:11:19.187201,5,-1.5527629744163045,0.9700170830169526,2.0985726802090645,-0.2088800055789761,5.519999876618385,2.784961990796776,148.00681824395704,48.89772404381407
20250718111119187201,2025-07-18 11:11:19.187201,6,-1.3750173420451584,0.8995153331598837,1.945817611426956,-0.2088800055789761,8.359999813139439,2.546763966773123,146.8079015594486,49.82124562067769
20250718111119187201,2025-07-18 11:11:19.187201,7,-1.4277096124519983,0.9339858112554268,1.9437412790181348,-0.2088800055789761,11.879999734461308,2.5862742300215085,146.8079015594486,48.72572540317391
20250718111119187201,2025-07-18 11:11:19.187201,8,-1.48227080027294,0.9677014288303544,2.0145801060189155,-0.2088800055789761,7.879999823868275,2.6818101693202068,146.86146355406143,48.69457217680352
20250718111119187201,2025-07-18 11:11:19.187201,9,-1.5352314714308348,1.002276836469682,2.0151010447031106,-0.2088800055789761,5.879999868571758,2.724358043312025,146.86146355406143,47.7025350387106
20250718111119187201,2025-07-18 11:11:19.187201,10,-1.3122180418625704,0.862399997131886,1.818008639139775,-0.0697200018621515,5.359999880194664,2.4022500611779725,146.68676855323858,49.18238092237075
20250718111119187201,2025-07-18 11:11:19.187201,11,-1.3661198538435946,0.9127541192419252,1.9422702893875043,-0.2088800055789761,9.119999796152117,2.543976692954589,146.2516812905954,49.77177936750398
20250718111119187201,2025-07-18 11:11:19.187201,12,-1.4184711621113233,0.947731923081488,1.9400580194552737,-0.2088800055789761,13.119999706745148,2.583424346603148,146.25168129059537,48.673929459707686
20250718111119187201,2025-07-18 11:11:19.187201,13,-1.471030213665829,0.982848527729938,1.9378369706741048,-0.2088800055789761,8.759999804198742,2.6239537425210138,146.25168129059537,47.60532124898732
20250718111119187201,2025-07-18 11:11:19.187201,14,-1.5156413885430997,1.0317469870375846,2.0072045416576176,-0.2088800055789761,6.359999857842922,2.7185548984666386,145.75559240200838,47.589785310688114
20250718111119187201,2025-07-18 11:11:19.187201,15,-1.2943544356723866,0.887578392595983,1.8112621084084588,-0.0697200018621515,5.879999868571758,2.396626636233585,145.5603764481921,49.0913671867512
20250718111119187201,2025-07-18 11:11:19.187201,16,-1.3434527893558614,0.938269696534094,1.8676337048795144,-0.2088800055789761,9.879999779164793,2.4846068252872944,145.06948670208462,48.7362704505226
20250718111119187201,2025-07-18 11:11:19.187201,17,-1.399569661668297,0.9749530139610308,1.9327641501370056,-0.2088800055789761,14.51999967545271,2.5777714944014787,145.13857832544244,48.57141305524651
20250718111119187201,2025-07-18 11:11:19.187201,18,-1.4514283500693046,1.0110782501256677,1.930272839355615,-0.2088800055789761,9.63999978452921,2.61818194891342,145.13857832544244,47.49827109146227
20250718111119187201,2025-07-18 11:11:19.187201,19,-1.5056185092339724,1.0463386731249906,2.0032947111542887,-0.2088800055789761,6.8799998462200165,2.715676971578844,145.202397990848,47.53397670802157
20250718111119187201,2025-07-18 11:11:19.187201,20,-1.2759731049889065,0.9124066771914812,1.8046093896016449,-0.0697200018621515,6.359999857842922,2.3910684553724204,144.4326794976801,49.00172105450928
20250718111119187201,2025-07-18 11:11:19.187201,21,-1.3339801957481097,0.9512008123468876,1.8641688228402435,-0.2088800055789761,10.87999975681305,2.481816179354773,144.50905400001665,48.68843520332593
20250718111119187201,2025-07-18 11:11:19.187201,22,-1.380108352046308,1.001803536206378,1.9255695743850112,-0.2088800055789761,16.239999637007713,2.5721834254852145,144.02456791332355,48.47036145098374
20250718111119187201,2025-07-18 11:11:19.187201,23,-1.4312459345108242,1.0389236730927596,1.92281168075868,-0.2088800055789761,10.87999975681305,2.612476235916479,144.02456791332355,47.392727510918334
20250718111119187201,2025-07-18 11:11:19.187201,24,-1.4851220861826393,1.0752279712707082,1.995553847046242,-0.2088800055789761,7.519999831914902,2.709970102700665,144.09547219890447,47.42351774910071
20250718111119187201,2025-07-18 11:11:19.187201,25,-1.5364458188688517,1.109772072621673,2.073492154471368,-0.2088800055789761,5.359999880194664,2.809204428685263,144.15948564848418,47.57037044373717
20250718111119187201,2025-07-18 11:11:19.187201,26,-1.2665905825425012,0.9246864189022136,1.8013190427269914,-0.0697200018621515,6.999999843537808,2.3883146716415817,143.8683339870522,48.9574206609176
20250718111119187201,2025-07-18 11:11:19.187201,27,-1.3146357784177138,0.9767853303316472,1.8573134719074875,-0.2088800055789761,11.879999734461308,2.476285553884305,143.3873436812753,48.59385185589775
20250718111119187201,2025-07-18 11:11:19.187201,28,-1.3600950175093762,1.0282727499671145,1.9184771699335352,-0.2088800055789761,18.11999959498644,2.566662805382692,142.9096226682693,48.37081116964463
20250718111119187201,2025-07-18 11:11:19.187201,29,-1.4104910396871548,1.0663736588337929,1.915456479247124,-0.2088800055789761,12.23999972641468,2.6068393270744763,142.9096226682693,47.28872941379812
20250718111119187201,2025-07-18 11:11:19.187201,30,-1.4640316341247512,1.1037155576678976,1.9879206212768032,-0.2088800055789761,8.359999813139439,2.7043307960480165,142.98780604527175,47.31463704600376
20250718111119187201,2025-07-18 11:11:19.187201,31,-1.514536134183868,1.1417902830687674,1.9875039205927327,-0.2088800055789761,5.759999871253967,2.747303511924075,142.98780604527175,46.33906739089992
20250718111119187201,2025-07-18 11:11:19.187201,32,-1.247945676177562,0.9329825589996964,1.733643220881132,-0.0697200018621515,7.759999826550484,2.330953385075514,143.2176690385541,48.05172193145825
20250718111119187201,2025-07-18 11:11:19.187201,33,-1.2947655243277003,1.0019910510592702,1.8505596193938765,-0.2088800055789761,13.119999706745148,2.470824707323782,142.26448674995626,48.50074610848237
20250718111119187201,2025-07-18 11:11:19.187201,34,-1.3498838339429775,1.0413610515505023,1.914970170093972,-0.2088800055789761,20.51999954134226,2.5639286178005607,142.351791454497,48.321610290522464
20250718111119187201,2025-07-18 11:11:19.187201,35,-1.3999014979716204,1.0799469253118203,1.911819533455684,-0.2088800055789761,14.119999684393406,2.6040475214589214,142.35179145449698,47.23732193516282
20250718111119187201,2025-07-18 11:11:19.187201,36,-1.4423555889595518,1.1317900376623389,1.980398087034369,-0.2088800055789761,9.239999793469906,2.698761737813096,141.8793718708416,47.207374855706014
20250718111119187201,2025-07-18 11:11:19.187201,37,-1.4921123334382491,1.1708332445792424,1.9797218825101928,-0.2088800055789761,6.239999860525131,2.7416324396789946,141.8793718708416,46.22780425835383
20250718111119187201,2025-07-18 11:11:19.187201,38,-1.2282947861587463,0.9569020019318436,1.7272340254640608,-0.0697200018621515,8.639999806880951,2.325447677701374,142.07965693496166,47.96648892462235
20250718111119187201,2025-07-18 11:11:19.187201,39,-1.27693115847134,1.0118083795088155,1.779938925688944,-0.2088800055789761,14.51999967545271,2.4129840363131136,141.6075733290464,47.53165852498593
20250718111119187201,2025-07-18 11:11:19.187201,40,-1.333864423785028,1.053323564976878,1.841366954180904,-0.2088800055789761,23.35999947786331,2.505856558848575,141.70262126501373,47.292461523273005
20250718111119187201,2025-07-18 11:11:19.187201,41,-1.3783035205537555,1.106783219042246,1.904628770222772,-0.2088800055789761,16.359999634325504,2.598518893732486,141.23539686319376,47.135713849435625
20250718111119187201,2025-07-18 11:11:19.187201,42,-1.4313006693215244,1.145668846987812,1.976679271283703,-0.2088800055789761,10.239999771118164,2.696004386955128,141.32485864685887,47.15436313777114
20250718111119187201,2025-07-18 11:11:19.187201,43,-1.480676053741806,1.1851908293014086,1.9758747792786275,-0.2088800055789761,6.7599998489022255,2.7388245692949984,141.32485864685887,46.17280850007761
20250718111119187201,2025-07-18 11:11:19.187201,44,-1.2665246066385312,1.024092429659216,1.776647424371361,-0.2088800055789761,16.239999637007713,2.410254333930673,141.04152593260008,47.48668457337259
20250718111119187201,2025-07-18 11:11:19.187201,45,-1.3124292778031397,1.0788856507838105,1.834517613932081,-0.2088800055789761,26.87999939918518,2.50038391702737,140.5780033212761,47.19700728836964
20250718111119187201,2025-07-18 11:11:19.187201,46,-1.3561542401294489,1.133196932634228,1.8975512369966936,-0.2088800055789761,19.239999569952488,2.593065812543212,140.1180075365708,47.03574616536743
20250718111119187201,2025-07-18 11:11:19.187201,47,-1.4046088401510208,1.1736853980990576,1.893890802447924,-0.2088800055789761,11.519999742507936,2.6338727720104824,140.1180075365708,45.97624582109097
20250718111119187201,2025-07-18 11:11:19.187201,48,-1.29046917763242,1.1040285567373875,1.8277805925864483,-0.2088800055789761,30.999999307096004,2.4949893080225016,139.45218704822747,47.103167586199646
20250718111119187201,2025-07-18 11:11:19.187201,49,-1.3382853319881616,1.1449364689890806,1.8213992935126888,-0.2088800055789761,22.879999488592148,2.5336500417864283,139.45218704822747,45.96237962507956
20250718111119187201,2025-07-18 11:11:19.187201,50,-1.3929272428904895,1.1871965721532884,1.890270494271297,-0.2088800055789761,12.999999709427357,2.631122297885766,139.55893337840746,45.92480030590279
20250718111119187201,2025-07-18 11:11:19.187201,51,-1.2792950065405138,1.1164396678509,1.8244550453864097,-0.2088800055789761,35.879999198019505,2.4923221016446586,138.88882415627515,47.05686394791
20250718111119187201,2025-07-18 11:11:19.187201,52,-1.3266971208719065,1.1578074528488904,1.817950523781659,-0.2088800055789761,27.519999384880062,2.5309262050325074,138.88882415627515,45.91385503367738
20250718111119187201,2025-07-18 11:11:19.187201,53,-1.3691473557765257,1.2138770528020923,1.883121481027776,-0.2088800055789761,14.6399996727705,2.625682481462217,138.44001425523973,45.82322501251884
20250718111119187201,2025-07-18 11:11:19.187201,54,-1.2565640092706052,1.1409350009719152,1.8178915406583025,-0.2088800055789761,41.63999906927347,2.4870495450300174,137.76117928941557,46.96551029950763
20250718111119187201,2025-07-18 11:11:19.187201,55,-1.3031238649158106,1.1832104191391524,1.811143819478828,-0.2088800055789761,33.639999248087406,2.525541652420116,137.76117928941557,45.81810292209016
20250718111119187201,2025-07-18 11:11:19.187201,56,-1.2475043817392506,1.1376165246672996,1.748185113335064,-0.2088800055789761,48.35999891906977,2.430347656229673,137.6378793892123,45.99794054503722
20250718111119187201,2025-07-18 11:11:19.187201,57,-1.2911411773818158,1.1957398612942582,1.807786565571755,-0.2088800055789761,41.63999906927347,2.5228816108729,137.19689389885994,45.77088442119283
20250718111119187201,2025-07-18 11:11:19.187201,58,-1.3784192063002114,1.2962485520603668,1.868238521397487,-0.2088800055789761,8.119999818503857,2.6590628029156007,136.7596769981432,44.63540091452429
20250718111119187201,2025-07-18 11:11:19.187201,59,-1.2239758883147789,1.1614899861411134,1.7417882386126198,-0.2088800055789761,55.63999875634909,2.425077778392126,136.50048676236946,45.9093748389744
20250718111119187201,2025-07-18 11:11:19.187201,60,-1.2667896743756786,1.2204483990811197,1.8011659328256118,-0.2088800055789761,51.87999884039164,2.51762767133984,136.0673897078842,45.67778479237119
20250718111119187201,2025-07-18 11:11:19.187201,61,-1.2120274554606074,1.1732550766341208,1.7386357921161393,-0.2088800055789761,62.87999859452248,2.4224765107768054,135.93125154584973,45.86574197356117
20250718111119187201,2025-07-18 11:11:19.187201,62,-1.2552400920424698,1.228834712339267,1.7806306282251394,-0.2088800055789761,64.3599985614419,2.50126125646526,135.60902346060846,45.389152580667606
20250718111119187201,2025-07-18 11:11:19.187201,63,-1.187768191515285,1.1964360947540238,1.7324244570311802,-0.2088800055789761,69.2399984523654,2.417342984544297,134.79169902191765,45.77979645650865
20250718111119187201,2025-07-18 11:11:19.187201,64,-1.2317789344053505,1.240768012148981,1.722509897515786,-0.2088800055789761,78.11999825388193,2.4543481721745914,134.79169902191765,44.573181708317165
20250718111119187201,2025-07-18 11:11:19.187201,65,-1.0474713653719236,0.992513778420991,1.530397394465036,-0.0697200018621515,6.359999857842922,2.1034248374056546,136.54318591206322,46.68340443098255
20250718111119187201,2025-07-18 11:11:19.187201,66,-1.1757537517038603,1.203731813510483,1.7128030061127584,-0.2088800055789761,73.51999835669994,2.401054206229389,134.32634556954932,45.50851251514907
20250718111119187201,2025-07-18 11:11:19.187201,67,-1.2190144620685672,1.2526045337050205,1.7193383111236515,-0.2088800055789761,90.11999798566104,2.451762346698436,134.22138045240104,44.52868798059514
20250718111119187201,2025-07-18 11:11:19.187201,68,-1.2600440837335165,1.3137500014781505,1.7807457867889225,-0.2088800055789761,22.879999488592148,2.546508534543361,133.80461457486945,44.37000013557064
20250718111119187201,2025-07-18 11:11:19.187201,69,-1.1509519489763451,1.2131343191916024,1.657269768552746,-0.2088800055789761,74.35999833792448,2.354342445569844,133.4933011405677,44.74239383664853
20250718111119187201,2025-07-18 11:11:19.187201,70,-1.2061280893068689,1.2643171701627172,1.7161999196435724,-0.2088800055789761,95.879997856915,2.449200898000796,133.650699755807,44.484662740766254
20250718111119187201,2025-07-18 11:11:19.187201,71,-1.138289583416567,1.2241905986740484,1.6543072473941318,-0.2088800055789761,71.75999839603901,2.351824454838697,132.91761286103346,44.701589805693615
20250718111119187201,2025-07-18 11:11:19.187201,72,-1.1799948090757235,1.2873661152732832,1.710023973414807,-0.2088800055789761,92.51999793201684,2.444152461253766,132.50825113036746,44.3980346256722
20250718111119187201,2025-07-18 11:11:19.187201,73,-1.0381037939490725,1.1065048532301651,1.556425516246589,-0.0697200018621515,30.879999309778214,2.1735852559439275,133.1732033384043,45.73044177847523
20250718111119187201,2025-07-18 11:11:19.187201,74,-1.082673679114628,1.1710960135870871,1.6011415185069051,-0.0697200018621515,45.2399989888072,2.259934143016953,132.7532621795673,45.11221794470068
20250718111119187201,2025-07-18 11:11:19.187201,75,-1.125344561444186,1.230520559705799,1.634941036310395,-0.2088800055789761,66.23999851942062,2.335297287722141,132.4437662260886,44.435007127170415
20250718111119187201,2025-07-18 11:11:19.187201,76,-1.1670423022241183,1.294441174613979,1.6898070431537406,-0.2088800055789761,81.87999816983938,2.427552992791007,132.03718900474357,44.1145238694901
20250718111119187201,2025-07-18 11:11:19.187201,77,-1.1112897188886817,1.2267702778287248,1.582963882943987,-0.0697200018621515,59.11999867856503,2.290350368082743,132.17236679659734,43.72080286258977
20250718111119187201,2025-07-18 11:11:19.187201,78,-1.140369372973517,1.3031797703348218,1.6324873613497308,0.1391600037168245,68.23999847471714,2.3798602491727405,131.18809333706145,43.311100435063565
20250718111119187201,2025-07-18 11:11:19.187201,79,-1.085211073103999,1.2479875530261888,1.5772787311892376,-0.0697200018621515,51.51999884843826,2.2853805375818177,131.0092046814078,43.64279288866492
20250718111119187201,2025-07-18 11:11:19.187201,80,-1.126773638266465,1.3141293212687253,1.6295534380195078,-0.0697200018621515,55.23999876528978,2.377393344037045,130.61077076072527,43.269986949706045
20250718111119187201,2025-07-18 11:11:19.187201,81,-1.0720083152080786,1.2584062092163022,1.574487060676879,-0.0697200018621515,44.23999901115894,2.282936161943282,130.42694032784237,43.60449397401938
20250718111119187201,2025-07-18 11:11:19.187201,82,-1.1117297715273,1.305034324466994,1.5587203978695052,-0.0697200018621515,44.359999008476734,2.317038400992016,130.42694032784237,42.2774221099792
20250718111119187201,2025-07-18 11:11:19.187201,83,-1.0979266357057773,1.3157062341160426,1.5558608682973447,-0.0697200018621515,35.759999200701714,2.3145688223474785,129.8442223250637,42.237347422277125
20250718111119253033,2025-07-18 11:11:19.253033,1,-1.6131094917728193,0.8658811401486124,1.9007518864972188,-0.3480400092958007,8.51999980956316,2.6390775121878023,151.77409020374498,46.07375739852131
20250718111119253033,2025-07-18 11:11:19.253033,2,-1.6637469229219306,0.8746921415348805,1.7459906728792147,-0.3480400092958007,5.639999873936176,2.5654675199223007,152.26746594095252,42.88851924337422
20250718111119253033,2025-07-18 11:11:19.253033,3,-1.4306402231922872,0.8041795348368436,1.9035630554192515,-0.3480400092958007,9.119999796152117,2.513361987144541,150.659152007077,49.23351972194409
20250718111119253033,2025-07-18 11:11:19.253033,4,-1.480110819556646,0.8496983597825718,1.966326033572364,-0.3480400092958007,11.759999737143517,2.6036807429272626,150.1408350122968,49.04373255164799
20250718111119253033,2025-07-18 11:11:19.253033,5,-1.5405053863176073,0.865936022837544,1.896157237746916,-0.3480400092958007,11.119999751448631,2.591990414947802,150.659152007077,47.0160610467559
20250718111119253033,2025-07-18 11:11:19.253033,6,-1.5955467452695002,0.8968754118755187,1.8924469964180035,-0.3480400092958007,9.359999790787697,2.632776206786004,150.659152007077,45.955728375375735
20250718111119253033,2025-07-18 11:11:19.253033,7,-1.645202795578949,0.9066552061729368,1.7374261955218238,-0.3480400092958007,5.999999865889549,2.558782070897543,151.14126960749104,42.76595053059612
20250718111119253033,2025-07-18 11:11:19.253033,8,-1.3545656396145194,0.7979886982154998,1.8352675946678605,-0.3480400092958007,6.519999854266644,2.416576334102011,149.4972191177993,49.415687607134856
20250718111119253033,2025-07-18 11:11:19.253033,9,-1.4143204240265783,0.8316606599054289,1.8961995101500253,-0.3480400092958007,10.119999773800371,2.507495622597625,149.54326016980943,49.131427602008216
20250718111119253033,2025-07-18 11:11:19.253033,10,-1.4685188344363562,0.8635308676755274,1.892221754152125,-0.3480400092958007,12.999999709427357,2.5461218143304354,149.54326016980943,48.00284194460112
20250718111119253033,2025-07-18 11:11:19.253033,11,-1.5229323179033156,0.8955275445240789,1.888228213408201,-0.3480400092958007,12.519999720156193,2.5858650803602297,149.54326016980943,46.90412110347128
20250718111119253033,2025-07-18 11:11:19.253033,12,-1.5773458013702748,0.9275242213726302,1.884234672664277,-0.3480400092958007,10.519999764859676,2.626530270147975,149.5432601698094,45.83904037897789
20250718111119253033,2025-07-18 11:11:19.253033,13,-1.626000609082897,0.938253657271434,1.7289594160679072,-0.1391600037168245,6.359999857842922,2.5521556709047064,150.0136976927871,42.64474449736918
20250718111119253033,2025-07-18 11:11:19.253033,14,-1.2845882471380663,0.6260456788671837,1.4894059224380514,0.0697200018621515,4.999999888241291,2.0640809476634066,154.01765334697848,46.18533899119665
20250718111119253033,2025-07-18 11:11:19.253033,15,-1.3380271449184884,0.8239980137196906,1.828298419582826,-0.3480400092958007,7.239999838173389,2.4108016256427605,148.37396868716672,49.32139578350265
20250718111119253033,2025-07-18 11:11:19.253033,16,-1.3974349155739023,0.8588210356474836,1.888921909403816,-0.3480400092958007,11.359999746084211,2.501684211558568,148.4263798374775,49.03062069998411
20250718111119253033,2025-07-18 11:11:19.253033,17,-1.4509862535794715,0.8917320607361646,1.884665267245933,-0.3480400092958007,14.6399996727705,2.540179195605015,148.4263798374775,47.89709567826812
20250718111119253033,2025-07-18 11:11:19.253033,18,-1.5047500968945866,0.9247736851307532,1.8803917336509155,-0.3480400092958007,13.999999687075617,2.579796948365758,148.4263798374775,46.79353408715517
20250718111119253033,2025-07-18 11:11:19.253033,19,-1.551967591464842,0.9557490799652396,1.800844632171508,-0.3480400092958007,11.639999739825726,2.5622453235458384,148.37396868716672,44.655182344543846
20250718111119253033,2025-07-18 11:11:19.253033,20,-1.6061480440520035,0.9694748558718052,1.720593721116206,-0.1391600037168245,6.7599998489022255,2.5455914418312,148.8847171399885,42.52494877360075
20250718111119253033,2025-07-18 11:11:19.253033,21,-1.2721826672979195,0.6844363944775276,1.5353446958268804,0.0697200018621515,5.359999880194664,2.1081236330116844,151.71967447994209,46.74399649132874
20250718111119253033,2025-07-18 11:11:19.253033,22,-1.3295567783554794,0.8368815618212175,1.8248462832733745,-0.3480400092958007,7.999999821186066,2.407936031742532,147.81188232922338,49.27473033265986
20250718111119253033,2025-07-18 11:11:19.253033,23,-1.3799904518121997,0.8856497982753301,1.8817331641237585,-0.3480400092958007,12.759999714791777,2.495930470434059,147.30847796047723,48.93113519208424
20250718111119253033,2025-07-18 11:11:19.253033,24,-1.4328732975933238,0.9195889328807716,1.8772010408511288,-0.3480400092958007,16.639999628067017,2.5342954524295944,147.30847796047723,47.79270773594468
20250718111119253033,2025-07-18 11:11:19.253033,25,-1.485965995937072,0.9536627465917904,1.872650932962337,-0.3480400092958007,15.87999964505434,2.57378885925846,147.30847796047723,46.68434116481518
20250718111119253033,2025-07-18 11:11:19.253033,26,-1.5421428771878989,0.9706926102161644,1.796840525308703,-0.3480400092958007,13.119999706745148,2.559117947766632,147.8118823292234,44.59836636471701
20250718111119253033,2025-07-18 11:11:19.253033,27,-1.5940654838526922,0.9641259988248196,1.6435211144556403,-0.1391600037168245,7.1199998408555984,2.4842997729907683,148.83352503749808,41.41919460898233
20250718111119253033,2025-07-18 11:11:19.253033,28,-1.256301752780458,0.7088604921008359,1.528800278592856,0.0697200018621515,5.879999868571758,2.101905702719864,150.5664045870496,46.66386527221139
20250718111119253033,2025-07-18 11:11:19.253033,29,-1.3122180418625704,0.862399997131886,1.818008639139775,-0.3480400092958007,8.879999801516533,2.4022500611779725,146.68676855323858,49.18238092237075
20250718111119253033,2025-07-18 11:11:19.253033,30,-1.361994010294074,0.9121362166421088,1.874636149711987,-0.3480400092958007,14.51999967545271,2.4902371083079813,146.18952334500003,48.8330067339388
20250718111119253033,2025-07-18 11:11:19.253033,31,-1.4141872114184817,0.9470903417324088,1.8698320605586145,-0.3480400092958007,18.999999575316902,2.528473357390832,146.189523345,47.6897163112501
20250718111119253033,2025-07-18 11:11:19.253033,32,-1.4665875284203675,0.9821831736683048,1.8650089075593947,-0.3480400092958007,18.23999959230423,2.5678436460250444,146.189523345,46.57658302549905
20250718111119253033,2025-07-18 11:11:19.253033,33,-1.5220318075312498,1.0002912508248063,1.7889095934605583,-0.3480400092958007,14.879999667406082,2.5529122474516663,146.68676855323858,44.48583399719616
20250718111119253033,2025-07-18 11:11:19.253033,34,-1.573277292007926,0.9947211998669132,1.6353231550441436,-0.1391600037168245,7.519999831914902,2.4776911680909706,147.69644633126669,41.3013190228928
20250718111119253033,2025-07-18 11:11:19.253033,35,-1.2399183343348144,0.7329729298176072,1.5223393703791013,0.0697200018621515,6.239999860525131,2.0957490189121564,149.41070758879724,46.58493039238473
20250718111119253033,2025-07-18 11:11:19.253033,36,-1.2943544356723866,0.887578392595983,1.8112621084084588,-0.3480400092958007,9.999999776482582,2.396626636233585,145.5603764481921,49.0913671867512
20250718111119253033,2025-07-18 11:11:19.253033,37,-1.3434527893558614,0.938269696534094,1.8676337048795144,-0.3480400092958007,16.639999628067017,2.4846068252872944,145.06948670208462,48.7362704505226
20250718111119253033,2025-07-18 11:11:19.253033,38,-1.3949354692399365,0.9742252870947072,1.862561273862124,-0.3480400092958007,21.99999950826168,2.5227156740800782,145.06948670208462,47.58815908662479
20250718111119253033,2025-07-18 11:11:19.253033,39,-1.4466224454727576,1.0103235585702433,1.8574687141502195,-0.3480400092958007,21.239999525249004,2.561964132612806,145.06948670208462,46.4702998670517
20250718111119253033,2025-07-18 11:11:19.253033,40,-1.5013119454722892,1.0294954817806323,1.7810843433603727,-0.3480400092958007,16.8799996227026,2.5467744192974724,145.56037644819213,44.37480378162532
20250718111119253033,2025-07-18 11:11:19.253033,41,-1.551859810251238,1.0249087118269171,1.6272344355929558,-0.1391600037168245,7.759999826550484,2.4711533029399946,146.5576723182986,41.184957747137055
20250718111119253033,2025-07-18 11:11:19.253033,42,-1.2239424242930228,0.794517351858756,1.5834503770666348,0.0697200018621515,6.7599998489022255,2.153278425336909,147.01054272090323,47.33825512333892
20250718111119253033,2025-07-18 11:11:19.253033,43,-1.2764836814190943,0.8964036436603836,1.743444511706307,-0.3480400092958007,11.359999746084211,2.3393479533185526,144.92176183108975,48.18224599703164
20250718111119253033,2025-07-18 11:11:19.253033,44,-1.3339801957481097,0.9512008123468876,1.8641688228402435,-0.3480400092958007,19.239999569952488,2.481816179354773,144.50905400001665,48.68843520332593
20250718111119253033,2025-07-18 11:11:19.253033,45,-1.3850998747822527,0.98765193836748,1.85896361349653,-0.3480400092958007,25.63999942690134,2.519861847559689,144.50905400001665,47.53792993243981
20250718111119253033,2025-07-18 11:11:19.253033,46,-1.4289365105846032,1.0217858107216318,1.7811860015450336,-0.3480400092958007,24.99999944120645,2.501705291670813,144.43267949768014,45.396956008692825
20250718111119253033,2025-07-18 11:11:19.253033,47,-1.4799915786792093,1.0582936217811678,1.7733679050037108,-0.3480400092958007,19.239999569952488,2.540707419078657,144.4326794976801,44.26531853583453
20250718111119253033,2025-07-18 11:11:19.253033,48,-1.5298216052893856,1.0546764601030827,1.6192581914818642,-0.1391600037168245,8.51999980956316,2.4646893658607123,145.41717748761758,41.07015774172917
20250718111119253033,2025-07-18 11:11:19.253033,49,-1.2151288157029756,0.8062972592758663,1.5802939603873067,0.0697200018621515,7.35999983549118,2.150344695695108,146.43378503844596,47.29898864123751
20250718111119253033,2025-07-18 11:11:19.253033,50,-1.2670974045872734,0.9086882990692668,1.7401528482102022,-0.3480400092958007,12.999999709427357,2.336532086813978,144.35411760331877,48.13838641235672
20250718111119253033,2025-07-18 11:11:19.253033,51,-1.3172702310294937,0.9616855749961976,1.7933692906804832,-0.3480400092958007,22.51999949663877,2.4240902251088103,143.8683339870522,47.715341947968255
20250718111119253033,2025-07-18 11:11:19.253033,52,-1.367749564700332,0.9985384893664898,1.785450960578823,-0.3480400092958007,30.35999932140112,2.460823666806726,143.8683339870522,46.51463240650591
20250718111119253033,2025-07-18 11:11:19.253033,53,-1.4184292131873244,1.0355376454604734,1.7775012085323147,-0.3480400092958007,29.759999334812164,2.4987577302177324,143.8683339870522,45.34518434571015
20250718111119253033,2025-07-18 11:11:19.253033,54,-1.4696967207406393,1.0539807030482369,1.6986052488966668,-0.3480400092958007,21.99999950826168,2.481157706582383,144.35411760331877,43.2043058898753
20250718111119253033,2025-07-18 11:11:19.253033,55,-1.5185724766874564,1.0693991953261068,1.6153132464684776,-0.1391600037168245,9.239999793469906,2.4614861141459508,144.8462774152366,41.01335777128741
20250718111119253033,2025-07-18 11:11:19.253033,56,-1.1971379564368372,0.8295987432274181,1.5740503465800415,0.0697200018621515,7.999999821186066,2.1445297515014867,145.27861821812232,47.22142799003536
20250718111119253033,2025-07-18 11:11:19.253033,57,-1.247945676177562,0.9329825589996964,1.733643220881132,-0.3480400092958007,14.879999667406082,2.330953385075514,143.2176690385541,48.05172193145825
20250718111119253033,2025-07-18 11:11:19.253033,58,-1.2973601581214902,0.9869418065024655,1.786601903844525,-0.3480400092958007,26.6399994045496,2.418500335357481,142.73863461852957,47.62275091768065
20250718111119253033,2025-07-18 11:11:19.253033,59,-1.347076514545854,1.0247625691604068,1.7784242395757934,-0.3480400092958007,36.51999918371439,2.4551061555672056,142.73863461852957,46.41710742668795
20250718111119253033,2025-07-18 11:11:19.253033,60,-1.3969901580988855,1.0627334142098477,1.7702141242583764,-0.3480400092958007,35.879999198019505,2.492918341467911,142.73863461852957,45.24281748779008
20250718111119253033,2025-07-18 11:11:19.253033,61,-1.4474827754366977,1.082159431868381,1.6910547812655734,-0.3480400092958007,25.11999943852425,2.4750639778415384,143.2176690385541,43.09709840594654
20250718111119253033,2025-07-18 11:11:19.253033,62,-1.4956197916462823,1.0985150267833248,1.6075116829425555,-0.1391600037168245,9.879999779164793,2.45513902580478,143.70315852970117,40.900986758238005
20250718111119253033,2025-07-18 11:11:19.253033,63,-1.1786682579711556,0.8525480335034343,1.5679011027837155,0.0697200018621515,8.639999806880951,2.138787245120404,144.1212327062135,47.14518524038592
20250718111119253033,2025-07-18 11:11:19.253033,64,-1.2282947861587463,0.9569020019318436,1.7272340254640608,-0.3480400092958007,17.23999961465597,2.325447677701374,142.07965693496166,47.96648892462235
20250718111119253033,2025-07-18 11:11:19.253033,65,-1.27693115847134,1.0118083795088155,1.779938925688944,-0.3480400092958007,31.87999928742647,2.4129840363131136,141.6075733290464,47.53165852498593
20250718111119253033,2025-07-18 11:11:19.253033,66,-1.3258646517704238,1.0505820582856136,1.7715059283157102,-0.3480400092958007,44.519999004900455,2.449463816851282,141.6075733290464,46.32113295246028
20250718111119253033,2025-07-18 11:11:19.253033,67,-1.3749923255984728,1.089509600867081,1.7630394666671856,-0.3480400092958007,43.87999901920557,2.487155649906607,141.6075733290464,45.142051586659086
20250718111119253033,2025-07-18 11:11:19.253033,68,-1.4246898563479753,1.1099034132797945,1.6836208038515612,-0.3480400092958007,28.519999362528324,2.469049571141238,142.07965693496166,42.99153020685182
20250718111119253033,2025-07-18 11:11:19.253033,69,-1.4720688786565226,1.1271816530134422,1.5998304835944708,-0.1391600037168245,10.239999771118164,2.448873789854697,142.5582651589765,40.79029245487528
20250718111119253033,2025-07-18 11:11:19.253033,70,-1.2182846041114768,0.968718171231614,1.724067892442558,-0.3480400092958007,20.239999547600743,2.322723050568169,141.5100588248389,47.92441854102132
20250718111119253033,2025-07-18 11:11:19.253033,71,-1.2665246066385312,1.024092429659216,1.776647424371361,-0.3480400092958007,38.519999139010906,2.410254333930673,141.04152593260008,47.48668457337259
20250718111119253033,2025-07-18 11:11:19.253033,72,-1.3150593087177451,1.0633368475841132,1.7680882928235482,-0.3480400092958007,55.11999876797199,2.4466717082794336,141.04152593260005,46.2737382869575
20250718111119253033,2025-07-18 11:11:19.253033,73,-1.3637866088210826,1.1027369973261725,1.759495196468006,-0.3480400092958007,54.35999878495932,2.4843039560540165,141.04152593260008,45.09228099092893
20250718111119253033,2025-07-18 11:11:19.253033,74,-1.413079121707033,1.1236088989107471,1.679948430044871,-0.3480400092958007,31.75999929010868,2.466073050322307,141.5100588248389,42.93937388294957
20250718111119253033,2025-07-18 11:11:19.253033,75,-1.459268385439855,1.135799507917614,1.5779145094542002,-0.1391600037168245,10.519999764859676,2.4309090772952047,142.10513275487304,40.474134120116105
20250718111119253033,2025-07-18 11:11:19.253033,76,-1.1978997708902033,0.9920574975815558,1.7178141387952044,-0.3480400092958007,23.75999946892261,2.3173319475317493,140.36966830941543,47.841388313876855
20250718111119253033,2025-07-18 11:11:19.253033,77,-1.2453326020857076,1.048355915403688,1.7701460429605655,-0.3480400092958007,46.999998949468136,2.4048535149959576,139.90838679469974,47.39790134950607
20250718111119253033,2025-07-18 11:11:19.253033,78,-1.293055201800671,1.0885301384392307,1.761337770884237,-0.3480400092958007,69.11999845504761,2.4411473450690675,139.9083867946997,46.180156048855984
20250718111119253033,2025-07-18 11:11:19.253033,79,-1.3413025332729882,1.124562364963561,1.7353259330107305,-0.3480400092958007,67.87999848276377,2.4647695819764848,140.02317225213943,44.75300668717647
20250718111119253033,2025-07-18 11:11:19.253033,80,-1.3894349074345642,1.150680007474795,1.6726947483669192,-0.3480400092958007,34.35999923199415,2.460183237650025,140.36966830941543,42.83634257882552
20250718111119253033,2025-07-18 11:11:19.253033,81,-1.4348513136309538,1.1637554887820136,1.5704237269579644,-0.1391600037168245,10.519999764859676,2.424738297650136,140.95575382711073,40.36595694204189
20250718111119253033,2025-07-18 11:11:19.253033,82,-1.1875271581824431,1.003578320718646,1.7147271435394793,-0.3480400092958007,27.99999937415123,2.314666147423509,139.79887227990346,47.80043567494912
20250718111119253033,2025-07-18 11:11:19.253033,83,-1.2350432693670326,1.0437341510431466,1.7033126199455348,-0.3480400092958007,57.759998708963394,2.348613790415165,139.79887227990346,46.48895678786086
20250718111119253033,2025-07-18 11:11:19.253033,84,-1.2821792125055242,1.096821499872172,1.741449538314702,-0.3480400092958007,87.51999804377556,2.4247984308102017,139.45514880716763,45.90468648689226
20250718111119253033,2025-07-18 11:11:19.253033,85,-1.3298876810200664,1.123887092995213,1.6805286894516929,-0.3480400092958007,84.35999811440706,2.419896716391091,139.79887227990346,43.984439239246704
20250718111119253033,2025-07-18 11:11:19.253033,86,-1.377197179923186,1.159122709934686,1.6514529583086697,-0.3480400092958007,35.759999200701714,2.442853741545155,139.9142431868747,42.53452237579901
20250718111119253033,2025-07-18 11:11:19.253033,87,-1.1662517612725318,1.0220711593740028,1.6934087829453182,-0.3480400092958007,32.99999926239252,2.2961720169995417,138.76956130533134,47.51821912372686
20250718111119253033,2025-07-18 11:11:19.253033,88,-1.2130985536910772,1.067382172920308,1.6969761515809558,-0.3480400092958007,70.87999841570854,2.3432116556278,138.65607075124072,46.40312757768318
20250718111119253033,2025-07-18 11:11:19.253033,89,-1.2595859070259543,1.1082855043643345,1.6853639238130729,-0.3480400092958007,110.35999753326178,2.3780885122411024,138.65607075124072,45.129672083328366
20250718111119253033,2025-07-18 11:11:19.253033,90,-1.306257733985176,1.1493511506156782,1.6737056157762695,-0.3480400092958007,102.51999770849945,2.4142509859786103,138.65607075124072,43.8887884752188
20250718111119253033,2025-07-18 11:11:19.253033,91,-1.3513063161145769,1.1700108581289408,1.5916271296526718,-0.1391600037168245,35.23999921232462,2.3933723253930155,139.1127779532472,41.683432333740114
20250718111119253033,2025-07-18 11:11:19.253033,92,-1.1543144079821133,1.0199252222475312,1.644920306946879,-0.1391600037168245,38.75999913364649,2.253542106919236,138.53693757720075,46.88024024130675
20250718111119253033,2025-07-18 11:11:19.253033,93,-1.2019436809209738,1.079046028188507,1.6938508309812084,-0.3480400092958007,85.63999808579683,2.34054258253743,138.0840625409372,46.36081614326295
20250718111119253033,2025-07-18 11:11:19.253033,94,-1.2480035665037117,1.1203963321884318,1.6821188372779334,-0.3480400092958007,135.99999696016312,2.3753577890314843,138.08406254093717,45.08490784587048
20250718111119253033,2025-07-18 11:11:19.253033,95,-1.2942462294101909,1.1619107246962923,1.67034028804409,-0.3480400092958007,118.35999735444784,2.4114614888838624,138.08406254093717,43.84161382038697
20250718111119253033,2025-07-18 11:11:19.253033,96,-1.3388805738005407,1.183003571083883,1.5881457427089054,-0.1391600037168245,32.99999926239252,2.3904613655489406,138.53693757720075,41.63384890742036
20250718111119253033,2025-07-18 11:11:19.253033,97,-1.1325435193539586,1.0420153094255893,1.639001285926785,-0.1391600037168245,44.63999900221825,2.248282887800735,137.3838816972406,46.802739861445815
20250718111119253033,2025-07-18 11:11:19.253033,98,-1.1792744827946255,1.1020475956220064,1.6876875795627522,-0.3480400092958007,99.87999776750804,2.3352701289138174,136.9388256133644,46.27741868286432
20250718111119253033,2025-07-18 11:11:19.253033,99,-1.224465658230186,1.144279346549127,1.6757194028671645,-0.3480400092958007,158.23999646306038,2.369963478256462,136.9388256133644,44.99665484313396
20250718111119253033,2025-07-18 11:11:19.253033,100,-1.2698361637269988,1.1866786837894503,1.6637037334069114,-0.3480400092958007,125.87999718636274,2.405951016504962,136.9388256133644,43.748588827490096
20250718111119253033,2025-07-18 11:11:19.253033,101,-1.3136286843178764,1.2086256965565825,1.5812803148801269,-0.1391600037168245,29.639999337494373,2.384710428724417,137.3838816972406,41.53604763257531
20250718111119253033,2025-07-18 11:11:19.253033,102,-1.121487647808924,1.0529015344890702,1.636084330712402,-0.1391600037168245,50.1199988797307,2.245686559322133,136.8066647695228,46.76457751815048
20250718111119253033,2025-07-18 11:11:19.253033,103,-1.1675872585235758,1.1089608717673385,1.6688172175843443,-0.3480400092958007,109.75999754667282,2.31905263568629,136.47517297240694,46.02242414071511
20250718111119253033,2025-07-18 11:11:19.253033,104,-1.21251244425001,1.1560491448042975,1.6725656949296142,-0.3480400092958007,167.99999624490738,2.367300584319461,136.3655951200438,44.95317435079243
20250718111119253033,2025-07-18 11:11:19.253033,105,-1.2572514260348906,1.1941228608553105,1.6433842332291275,-0.3480400092958007,121.35999728739262,2.3890002706383533,136.47517297240694,43.46380555988578
20250718111119253033,2025-07-18 11:11:19.253033,106,-1.3008050623170406,1.221252546883258,1.5778969605321456,-0.1391600037168245,25.87999942153692,2.381871199598137,136.8066647695228,41.48783971395202
20250718111119253033,2025-07-18 11:11:19.253033,107,-1.099040578035842,1.0743509046068669,1.630336989311182,-0.1391600037168245,53.87999879568815,2.240562152031316,135.65085064035458,46.68944485143136
20250718111119253033,2025-07-18 11:11:19.253033,108,-1.144217484715148,1.131291934710229,1.6628336273026685,-0.3480400092958007,111.75999750196934,2.3138865067148005,135.32545305763182,45.94167734253038
20250718111119253033,2025-07-18 11:11:19.253033,109,-1.1880652350418233,1.1746443628651833,1.6499130181299604,-0.3480400092958007,160.1199964210391,2.3480846128963604,135.32545305763182,44.64107805437548
20250718111119253033,2025-07-18 11:11:19.253033,110,-1.2307933469985446,1.203143880360782,1.5860218600842133,-0.1391600037168245,107.2399976029992,2.340485590754719,135.65085064035458,42.66000457920163
20250718111119253033,2025-07-18 11:11:19.253033,111,-1.2747688754254096,1.2461315094712575,1.571230662598167,-0.1391600037168245,22.11999950557947,2.376267076685437,135.65085064035458,41.39283384653099
20250718111119253033,2025-07-18 11:11:19.253033,112,-1.040215487080834,1.017940978865082,1.5704020801502372,-0.1391600037168245,13.119999706745148,2.141124655258495,135.62006242412724,47.1761766316236
20250718111119253033,2025-07-18 11:11:19.253033,113,-1.087651624495966,1.0849119047421414,1.6275071778536705,-0.1391600037168245,55.11999876797199,2.238034743091616,135.0722530290233,46.65248093500225
20250718111119253033,2025-07-18 11:11:19.253033,114,-1.131171450685667,1.1283221074781464,1.6126027521059203,-0.3480400092958007,104.87999765574932,2.2700544630404424,135.0722530290233,45.26589404002321
20250718111119253033,2025-07-18 11:11:19.253033,115,-1.1745192617520883,1.171560728385156,1.5977572371318771,-0.1391600037168245,138.9999968931079,2.3032321258024164,135.0722530290233,43.92389086548521
20250718111119253033,2025-07-18 11:11:19.253033,116,-1.2180390879417893,1.2149709311211612,1.5828528113841278,-0.1391600037168245,89.51999799907207,2.337775995627067,135.0722530290233,42.61559811313719
20250718111119253033,2025-07-18 11:11:19.253033,117,-1.075561582660155,1.0906631399614817,1.609625824489611,-0.1391600037168245,53.35999880731106,2.221997771787568,134.60057630601798,46.41935569941414
20250718111119253033,2025-07-18 11:11:19.253033,118,-1.1192136787112543,1.1391907233850689,1.6096905152508167,-0.1391600037168245,92.23999793827534,2.267487225487592,134.4931950654901,45.22682749257613
20250718111119253033,2025-07-18 11:11:19.253033,119,-1.1621032539903355,1.1828458423469057,1.5947333999593334,-0.1391600037168245,113.87999745458364,2.300604893639528,134.49319506549014,43.88236702792874
20250718111119253033,2025-07-18 11:11:19.253033,120,-1.2051630259967143,1.2266741959077971,1.579716931035741,-0.1391600037168245,72.63999837636948,2.3350916650822464,134.4931950654901,42.5716559932637
20250718111119253033,2025-07-18 11:11:19.253033,121,-1.0522572980698963,1.111216976740139,1.604118440523408,-0.1391600037168245,49.23999889940024,2.217035083611467,133.43894385116488,46.347710727911895
20250718111119253033,2025-07-18 11:11:19.253033,122,-1.0949635804309794,1.1605787458317025,1.6039596119085426,-0.1391600037168245,77.75999826192856,2.262426729063357,133.3336991549991,45.14998599014902
20250718111119253033,2025-07-18 11:11:19.253033,123,-1.1369238636226775,1.205053478792406,1.5887828817079577,-0.1391600037168245,90.9999979659915,2.295426061460625,133.3336991549991,43.80067099384116
20250718111119253033,2025-07-18 11:11:19.253033,124,-1.17905065587466,1.2497046987886682,1.5735459263875289,-0.3480400092958007,58.51999869197607,2.329800220135565,133.3336991549991,42.48518211454425
20250718111119253033,2025-07-18 11:11:19.253033,125,-1.0381037939490725,1.1065048532301651,1.556425516246589,-0.1391600037168245,43.87999901920557,2.1735852559439275,133.1732033384043,45.73044177847523
20250718111119253033,2025-07-18 11:11:19.253033,126,-1.0820777665330443,1.1661911941375718,1.5854616270633173,-0.1391600037168245,64.23999856412411,2.24601486304063,132.85741927157645,44.90229008506917
20250718111119253033,2025-07-18 11:11:19.253033,127,-1.124162998934714,1.2159737805311182,1.5858567956759655,-0.3480400092958007,72.51999837905169,2.2928751513121406,132.7532621795673,43.76050653318027
20250718111119253033,2025-07-18 11:11:19.253033,128,-1.1651752835797575,1.2557481517165672,1.5536273998228938,-0.3480400092958007,47.35999894142151,2.312638095224843,132.85741927157645,42.20604605226998
20250718111119253033,2025-07-18 11:11:19.253033,129,-1.069686422810323,1.1765835035208598,1.582677016156571,-0.1391600037168245,52.87999881803989,2.243533891291244,132.2754234817138,44.86504674677209
20250718111119253033,2025-07-18 11:11:19.253033,130,-1.1106780558012297,1.2216715574879002,1.566684712031184,-0.0697200018621515,58.23999869823456,2.2760905353095127,132.2754234817138,43.49747980656738
20250718111119253033,2025-07-18 11:11:19.253033,131,-1.149238590003818,1.2503176194680847,1.500258192776197,0.0697200018621515,38.75999913364649,2.266013709424196,132.58789566377268,41.45788374350854
20250718111119302995,2025-07-18 11:11:19.302995,1,-1.4093291162948631,0.8132273692127258,1.7650767259868931,0.0697200018621515,10.87999975681305,2.400633908094635,150.0136976927871,47.32871984123539
20250718111119302995,2025-07-18 11:11:19.302995,2,-1.4633362539630972,0.8443911917555492,1.756074191763763,0.0697200018621515,11.119999751448631,2.4368311479985354,150.0136976927871,46.10721623077834
20250718111119302995,2025-07-18 11:11:19.302995,3,-1.5247631936631394,0.8416204245694985,1.6828917781083963,0.0697200018621515,9.239999793469906,2.4218489780800123,151.1027095892468,44.017568688747176
20250718111119302995,2025-07-18 11:11:19.302995,4,-1.5748185922260645,0.850248927156769,1.6015709187391498,-0.2088800055789761,6.8799998462200165,2.401667388358156,151.63526683897865,41.82501828235877
20250718111119302995,2025-07-18 11:11:19.302995,5,-1.3452864393807888,0.7776742843170945,1.709831250131021,0.0697200018621515,7.639999829232693,2.3104319510417435,149.9689361642666,47.73553061227514
20250718111119302995,2025-07-18 11:11:19.302995,6,-1.3921219899414758,0.8402882103878991,1.7578257954474985,0.0697200018621515,11.879999734461308,2.39458544189514,148.8847171399885,47.2298343784854
20250718111119302995,2025-07-18 11:11:19.302995,7,-1.4454697304319335,0.8724890359684573,1.7485453970978588,0.0697200018621515,12.23999972641468,2.430644125574997,148.8847171399885,46.00292980691363
20250718111119302995,2025-07-18 11:11:19.302995,8,-1.506559113910385,0.870901725011758,1.6750458773015595,0.0697200018621515,10.119999773800371,2.415361022580238,149.9689361642666,43.90757658408118
20250718111119302995,2025-07-18 11:11:19.302995,9,-1.560387592348364,0.9020185356921668,1.6634354560273463,-0.2088800055789761,7.1199998408555984,2.452644367505381,149.9689361642666,42.70479881535117
20250718111119302995,2025-07-18 11:11:19.302995,10,-1.6142160707863429,0.9331353463725756,1.651825034753133,-0.2088800055789761,4.999999888241291,2.490975921857125,149.9689361642666,41.538537128004535
20250718111119302995,2025-07-18 11:11:19.302995,11,-1.2721826672979195,0.6844363944775276,1.5353446958268804,0.0697200018621515,6.11999986320734,2.1081236330116844,151.71967447994209,46.74399649132874
20250718111119302995,2025-07-18 11:11:19.302995,12,-1.3284929556347138,0.8035018703795089,1.702910769303152,0.0697200018621515,8.359999813139439,2.3044335262886366,148.83352503749808,47.64387927220108
20250718111119302995,2025-07-18 11:11:19.302995,13,-1.3833091765392869,0.8536926250058827,1.7542340933755978,0.0697200018621515,12.999999709427357,2.3915837075562587,148.31968883067353,47.180881952954856
20250718111119302995,2025-07-18 11:11:19.302995,14,-1.4363191997278362,0.8864071234093928,1.7448160568078743,0.0697200018621515,13.519999697804453,2.4275735836493824,148.31968883067353,45.95129093793378
20250718111119302995,2025-07-18 11:11:19.302995,15,-1.4877524306261911,0.8998255170263013,1.667295770589217,0.0697200018621515,10.99999975413084,2.4089351262644003,148.83352503749808,43.79893780028034
20250718111119302995,2025-07-18 11:11:19.302995,16,-1.540908957239442,0.9319757579255604,1.655408442522429,-0.2088800055789761,7.35999983549118,2.4460900104935224,148.83352503749808,42.590737400699474
20250718111119302995,2025-07-18 11:11:19.302995,17,-1.256301752780458,0.7088604921008359,1.528800278592856,0.0697200018621515,6.6399998515844345,2.101905702719864,150.5664045870496,46.66386527221139
20250718111119302995,2025-07-18 11:11:19.302995,18,-1.3111680924431417,0.8289998875390132,1.696078596196668,0.0697200018621515,9.239999793469906,2.298496287718809,147.69644633126669,47.55350538813571
20250718111119302995,2025-07-18 11:11:19.302995,19,-1.365269455565577,0.880242740285528,1.7471200114274636,0.0697200018621515,14.239999681711195,2.3856270250095686,147.18853766279727,47.08398005542364
20250718111119302995,2025-07-18 11:11:19.302995,20,-1.4175881755781266,0.913974670113988,1.7374293549310709,0.0697200018621515,14.879999667406082,2.4214802696956035,147.18853766279727,45.84904602686444
20250718111119302995,2025-07-18 11:11:19.302995,21,-1.4701145095589798,0.9478404568068468,1.7277002434485813,-0.4872000130126253,12.11999972909689,2.458574044845495,147.18853766279727,44.64600267554543
20250718111119302995,2025-07-18 11:11:19.302995,22,-1.5208139791203543,0.9615507156746992,1.6474838564773626,-0.2088800055789761,7.639999829232693,2.4396020157509164,147.69644633126669,42.478107718741285
20250718111119302995,2025-07-18 11:11:19.302995,23,-1.2399183343348144,0.7329729298176072,1.5223393703791013,0.0697200018621515,7.1199998408555984,2.0957490189121564,149.41070758879724,46.58493039238473
20250718111119302995,2025-07-18 11:11:19.302995,24,-1.2933187795200445,0.8541581369291681,1.6893374635895952,0.0697200018621515,10.239999771118164,2.292623094673185,146.5576723182986,47.46444114902249
20250718111119302995,2025-07-18 11:11:19.302995,25,-1.3466836450374025,0.906439068312302,1.7401007264880288,0.0697200018621515,15.87999964505434,2.3797351034722887,146.0559039628444,46.98844482615102
20250718111119302995,2025-07-18 11:11:19.302995,26,-1.3982901350844563,0.9411748720249996,1.730141082795052,0.0697200018621515,16.639999628067017,2.415453085444016,146.0559039628444,45.74821003510084
20250718111119302995,2025-07-18 11:11:19.302995,27,-1.4501014127904268,0.9760485162286204,1.7201419167064678,-0.4872000130126253,13.519999697804453,2.452417792102211,146.0559039628444,44.5399613749396
20250718111119302995,2025-07-18 11:11:19.302995,28,-1.500110695714061,0.9907315793513396,1.639664867620764,-0.2088800055789761,7.879999823868275,2.4331835195540723,146.5576723182986,42.36695423402865
20250718111119302995,2025-07-18 11:11:19.302995,29,-1.2230389651096307,0.7567640629746806,1.5159645554626422,0.0697200018621515,7.759999826550484,2.0896565963347733,148.25255470016756,46.507218741874375
20250718111119302995,2025-07-18 11:11:19.302995,30,-1.2749521563522848,0.8789665555861067,1.6826900678449754,0.0697200018621515,11.359999746084211,2.2868167987948604,145.41717748761758,47.376718158897454
20250718111119302995,2025-07-18 11:11:19.302995,31,-1.3275591790308343,0.9322711309047418,1.7331790461775545,0.0697200018621515,17.639999605715275,2.3739107905429737,144.92176183108975,46.894311061800266
20250718111119302995,2025-07-18 11:11:19.302995,32,-1.3784327972053738,0.967996849424814,1.7229541556113657,0.0697200018621515,18.759999580681324,2.409494946922752,144.92176183108975,45.64882068689784
20250718111119302995,2025-07-18 11:11:19.302995,33,-1.4295082948171136,1.003864336669172,1.7126886900826128,-0.4872000130126253,15.119999662041664,2.446331972673387,144.92176183108978,44.43541054690856
20250718111119302995,2025-07-18 11:11:19.302995,34,-1.4788073880575134,1.0195066769996055,1.6319546034437846,-0.2088800055789761,8.119999818503857,2.426837650754913,145.41717748761758,42.257320959660376
20250718111119302995,2025-07-18 11:11:19.302995,35,-1.2134794594956582,0.8012418945047644,1.5660812326858835,0.0697200018621515,8.359999813139439,2.137084789964683,146.5638285994105,47.122649104301146
20250718111119302995,2025-07-18 11:11:19.302995,36,-1.2655771411750083,0.8912364718659515,1.6794023536865934,0.0697200018621515,12.759999714791777,2.2839396258694853,144.8462774152366,47.33336934616621
20250718111119302995,2025-07-18 11:11:19.302995,37,-1.3177973323684815,0.9450473279581684,1.7297556744947478,-0.4872000130126253,19.759999558329586,2.3710248743370745,144.35411760331877,46.84778045060178
20250718111119302995,2025-07-18 11:11:19.302995,38,-1.3682968651782228,0.9812626452704338,1.719399596327576,0.0697200018621515,21.119999527931213,2.406542678223495,144.35411760331877,45.59968014759083
20250718111119302995,2025-07-18 11:11:19.302995,39,-1.4189967929594312,1.0176216741593351,1.7090024226121212,-0.4872000130126253,16.8799996227026,2.443316404120043,144.35411760331877,44.38370661251741
20250718111119302995,2025-07-18 11:11:19.302995,40,-1.467933378677449,1.0337384603297308,1.6281412085936229,-0.2088800055789761,8.239999815821648,2.423692926862018,144.8462774152366,42.20308802751055
20250718111119302995,2025-07-18 11:11:19.302995,41,-1.1971379564368372,0.8295987432274181,1.5740503465800415,0.0697200018621515,8.999999798834324,2.1445297515014867,145.27861821812232,47.22142799003536
20250718111119302995,2025-07-18 11:11:19.302995,42,-1.2464483910082302,0.9155015835443472,1.6729005366081164,0.0697200018621515,14.359999679028988,2.278239001137268,143.70315852970117,47.2477161841232
20250718111119302995,2025-07-18 11:11:19.302995,43,-1.2978792925104614,0.970313665662186,1.7229855797112643,-0.4872000130126253,22.239999502897263,2.365307289886709,143.2176690385541,46.7558129033165
20250718111119302995,2025-07-18 11:11:19.302995,44,-1.347615542770899,1.0074972185434012,1.712370063605309,-0.4872000130126253,24.119999460875988,2.400693552126561,143.2176690385541,45.502530328207136
20250718111119302995,2025-07-18 11:11:19.302995,45,-1.3969901580988855,1.0627334142098477,1.7702141242583764,-0.4872000130126253,19.119999572634697,2.492918341467911,142.73863461852957,45.24281748779008
20250718111119302995,2025-07-18 11:11:19.302995,46,-1.4474827754366977,1.082159431868381,1.6910547812655734,-0.4872000130126253,8.51999980956316,2.4750639778415384,143.2176690385541,43.09709840594654
20250718111119302995,2025-07-18 11:11:19.302995,47,-1.2268210781264255,0.9393923279298791,1.6664990309434349,0.0697200018621515,16.239999637007713,2.272612356660108,142.5582651589765,47.16348066024573
20250718111119302995,2025-07-18 11:11:19.302995,48,-1.2774421182634697,0.9951901889457224,1.7163199353869465,-0.4872000130126253,25.359999433159828,2.359664382553997,142.07965693496166,46.66533134641575
20250718111119302995,2025-07-18 11:11:19.302995,49,-1.3263951921385295,1.0333270392520366,1.7054489840057894,-0.4872000130126253,27.87999937683344,2.3949207111768787,142.07965693496166,45.40691910224371
20250718111119302995,2025-07-18 11:11:19.302995,50,-1.3749923255984728,1.089509600867081,1.7630394666671856,-0.4872000130126253,21.7599995136261,2.487155649906607,141.6075733290464,45.142051586659086
20250718111119302995,2025-07-18 11:11:19.302995,51,-1.2161531568651909,0.946574441618963,1.64823427484894,0.0697200018621515,18.639999583363533,2.2564813093101908,142.10513275487304,46.92366777800567
20250718111119302995,2025-07-18 11:11:19.302995,52,-1.2668413459975163,1.003072904345435,1.6971898129432166,-0.4872000130126253,28.999999351799488,2.3433940147826218,141.62815437367055,46.40602071069536
20250718111119302995,2025-07-18 11:11:19.302995,53,-1.315585525363461,1.0460869323374125,1.7020299809580557,-0.4872000130126253,32.35999927669764,2.392063795268226,141.5100588248389,45.35970167202649
20250718111119302995,2025-07-18 11:11:19.302995,54,-1.3637866088210826,1.1027369973261725,1.759495196468006,-0.4872000130126253,24.99999944120645,2.4843039560540165,141.04152593260008,45.09228099092893
20250718111119302995,2025-07-18 11:11:19.302995,55,-1.1958039878856626,0.96987293469997,1.641991462443022,-0.2088800055789761,21.359999522566795,2.250941280807334,140.95575382711073,46.84188117560185
20250718111119302995,2025-07-18 11:11:19.302995,56,-1.2456440416329857,1.0273424580343282,1.6906868056316138,-0.4872000130126253,33.359999254345894,2.3378373509020265,140.48596025109055,46.317995423200536
20250718111119302995,2025-07-18 11:11:19.302995,57,-1.2935726135755663,1.071290304204786,1.6952767578196517,-0.4872000130126253,37.87999915331602,2.386410758457021,140.36966830941543,45.26646528220781
20250718111119302995,2025-07-18 11:11:19.302995,58,-1.3409671769113285,1.1288637829947556,1.752494545347288,-0.4872000130126253,28.759999357163903,2.4786616432225608,139.90838679469974,44.99398819431607
20250718111119302995,2025-07-18 11:11:19.302995,59,-1.1854495225604746,0.981373601605366,1.638909868033302,-0.2088800055789761,24.75999944657088,2.2482015639180752,140.38036504479606,46.80154353919293
20250718111119302995,2025-07-18 11:11:19.302995,60,-1.2335614645048447,1.0254656255011556,1.6401630633879618,0.0697200018621515,38.519999139010906,2.294207599651348,140.2630883830879,45.6362205817404
20250718111119302995,2025-07-18 11:11:19.302995,61,-1.2823715698354772,1.0837312626707123,1.691943213045637,-0.4872000130126253,44.75999899953604,2.383615348369648,139.79887227990346,45.22045505453734
20250718111119302995,2025-07-18 11:11:19.302995,62,-1.3293557437030366,1.1417605595475702,1.7490388644849966,-0.4872000130126253,33.2399992570281,2.475871728933792,139.34129114131144,44.94547536003226
20250718111119302995,2025-07-18 11:11:19.302995,63,-1.1643860073249972,1.0040720259756697,1.6328278435538202,-0.2088800055789761,28.639999359846115,2.242784468932705,139.22818174134213,46.721997081720346
20250718111119302995,2025-07-18 11:11:19.302995,64,-1.2116430780978262,1.0490852744826715,1.633834197517858,0.0697200018621515,44.63999900221825,2.2886836930466345,139.1127779532472,45.55108154969998
20250718111119302995,2025-07-18 11:11:19.302995,65,-1.2595859070259543,1.1082855043643345,1.6853639238130729,-0.4872000130126253,53.23999880999327,2.3780885122411024,138.65607075124072,45.129672083328366
20250718111119302995,2025-07-18 11:11:19.302995,66,-1.3057352483314757,1.1672144318849589,1.7422185199479483,-0.4872000130126253,38.519999139010906,2.4703561362656616,138.20603896180242,44.849739961678345
20250718111119302995,2025-07-18 11:11:19.302995,67,-1.1536790637485836,1.0152675136171576,1.629828021681411,-0.2088800055789761,32.99999926239252,2.240107784593437,138.651384872376,46.68279513410649
20250718111119302995,2025-07-18 11:11:19.302995,68,-1.2005015889435993,1.0607351354578152,1.6307126266776333,0.0697200018621515,51.63999884575605,2.285954234768641,138.53693757720075,45.5091102220841
20250718111119302995,2025-07-18 11:11:19.302995,69,-1.2480035665037117,1.1203963321884318,1.6821188372779334,-0.4872000130126253,63.35999858379364,2.3753577890314843,138.08406254093717,45.08490784587048
20250718111119302995,2025-07-18 11:11:19.302995,70,-1.2937285481979546,1.1797689823036244,1.7388545383019312,-0.4872000130126253,44.359999008476734,2.467631154245168,137.63787938921232,44.80252654275913
20250718111119302995,2025-07-18 11:11:19.302995,71,-1.177859589320201,1.0837091056116837,1.6245567699279675,-0.2088800055789761,59.35999867320061,2.28056206590788,137.38388169724058,45.42638296623424
20250718111119302995,2025-07-18 11:11:19.302995,72,-1.224465658230186,1.144279346549127,1.6757194028671645,-0.4872000130126253,74.99999832361937,2.369963478256462,136.9388256133644,44.99665484313396
20250718111119302995,2025-07-18 11:11:19.302995,73,-1.2696456867235484,1.2002445387899128,1.7150469556525276,-0.4872000130126253,50.75999886542559,2.4482592147899136,136.60952369784903,44.468489688570834
20250718111119302995,2025-07-18 11:11:19.302995,74,-1.1663613430320232,1.0950309174126402,1.621523099599044,-0.2088800055789761,67.11999849975109,2.2779000538088416,136.80666476952285,45.38563452669352
20250718111119302995,2025-07-18 11:11:19.302995,75,-1.21251244425001,1.1560491448042975,1.6725656949296142,-0.4872000130126253,87.51999804377556,2.367300584319461,136.3655951200438,44.95317435079243
20250718111119302995,2025-07-18 11:11:19.302995,76,-1.2572514260348906,1.2124486161258852,1.711776882985987,-0.4872000130126253,56.87999872863293,2.44558641068713,136.03928830725857,44.4226211234254
20250718111119302995,2025-07-18 11:11:19.302995,77,-1.1882434730402198,1.1792394387321572,1.6663518743994037,-0.4872000130126253,98.99999778717756,2.3620450407217946,135.2179068218557,44.86752576816569
20250718111119302995,2025-07-18 11:11:19.302995,78,-1.040215487080834,1.017940978865082,1.5704020801502372,-0.2088800055789761,15.999999642372131,2.141124655258495,135.62006242412724,47.1761766316236
20250718111119302995,2025-07-18 11:11:19.302995,79,-1.131171450685667,1.1283221074781464,1.6126027521059203,-0.2088800055789761,78.51999824494123,2.2700544630404424,135.0722530290233,45.26589404002321
20250718111119302995,2025-07-18 11:11:19.302995,80,-1.1757537517038603,1.1860608267872117,1.6468539858416338,-0.4872000130126253,106.75999761372805,2.3454776102464385,134.74995998508277,44.59896119979665
20250718111119302995,2025-07-18 11:11:19.302995,81,-1.2193193198323136,1.2483340614334697,1.7021614068957884,-0.4872000130126253,64.63999855518341,2.437710193558038,134.32634556954932,44.287763022015206
20250718111119302995,2025-07-18 11:11:19.302995,82,-1.2630743506838529,1.278893226611902,1.6383401198401368,-0.4872000130126253,8.999999798834324,2.432094374958964,134.6434481951612,42.34811930334365
20250718111119302995,2025-07-18 11:11:19.302995,83,-1.075561582660155,1.0906631399614817,1.609625824489611,-0.2088800055789761,49.75999888777733,2.221997771787568,134.60057630601798,46.41935569941414
20250718111119302995,2025-07-18 11:11:19.302995,84,-1.1192136787112543,1.1391907233850689,1.6096905152508167,-0.2088800055789761,79.63999821990728,2.267487225487592,134.4931950654901,45.22682749257613
20250718111119302995,2025-07-18 11:11:19.302995,85,-1.163324693975775,1.1973578020783102,1.6438269704354695,-0.4872000130126253,108.35999757796526,2.34289503788426,134.17404463088653,44.55729178181507
20250718111119302995,2025-07-18 11:11:19.302995,86,-1.1935985282222468,1.2580849610714318,1.6445704790746918,-0.4872000130126253,64.63999855518341,2.389993154068099,133.4933011405677,43.480429840522696
20250718111119302995,2025-07-18 11:11:19.302995,87,-1.0522572980698963,1.111216976740139,1.604118440523408,-0.2088800055789761,47.9999989271164,2.217035083611467,133.43894385116488,46.347710727911895
20250718111119302995,2025-07-18 11:11:19.302995,88,-1.0949635804309794,1.1605787458317025,1.6039596119085426,-0.2088800055789761,76.87999828159809,2.262426729063357,133.3336991549991,45.14998599014902
20250718111119302995,2025-07-18 11:11:19.302995,89,-1.1381188385637258,1.2195887800771916,1.6378701978337151,-0.4872000130126253,103.1199976950884,2.337804540190576,133.0209474508932,44.47531088959919
20250718111119302995,2025-07-18 11:11:19.302995,90,-1.1804669801073095,1.2695509123038864,1.6414981867015008,-0.4872000130126253,61.63999862223864,2.3874208064351823,132.91761286103346,43.43737441019896
20250718111119302995,2025-07-18 11:11:19.302995,91,-1.0381037939490725,1.1065048532301651,1.556425516246589,-0.2088800055789761,44.359999008476734,2.1735852559439275,133.1732033384043,45.73044177847523
20250718111119302995,2025-07-18 11:11:19.302995,92,-1.082673679114628,1.1710960135870871,1.6011415185069051,-0.2088800055789761,70.99999841302633,2.259934143016953,132.7532621795673,45.11221794470068
20250718111119302995,2025-07-18 11:11:19.302995,93,-1.125344561444186,1.230520559705799,1.634941036310395,-0.4872000130126253,92.75999792665245,2.335297287722141,132.4437662260886,44.435007127170415
20250718111119302995,2025-07-18 11:11:19.302995,94,-1.1672173862833577,1.28088945134579,1.638460034321874,-0.4872000130126253,56.35999874025583,2.384874314818521,132.3415151176675,43.39479826373368
20250718111119302995,2025-07-18 11:11:19.302995,95,-1.0262160153359894,1.116474835178181,1.5537540676350652,-0.2088800055789761,39.63999911397696,2.171125761076666,132.58789566377268,45.69603783114843
20250718111119302995,2025-07-18 11:11:19.302995,96,-1.0702755113374296,1.1814940461338157,1.5983553740831369,-0.2088800055789761,63.23999858647585,2.257467110076844,132.17236679659734,45.07488957196794
20250718111119302995,2025-07-18 11:11:19.302995,97,-1.1112897188886817,1.2267702778287248,1.582963882943987,-0.2088800055789761,79.99999821186066,2.290350368082743,132.17236679659734,43.72080286258977
20250718111119302995,2025-07-18 11:11:19.302995,98,-1.140369372973517,1.3031797703348218,1.6324873613497308,-0.4872000130126253,50.1199988797307,2.3798602491727405,131.18809333706145,43.311100435063565
20250718111119302995,2025-07-18 11:11:19.302995,99,-1.0021337949144071,1.136067842509521,1.5485041371433357,-0.2088800055789761,34.639999225735664,2.166284226144809,131.41575298203233,45.62848147172598
20250718111119302995,2025-07-18 11:11:19.302995,100,-1.044584081947266,1.1970064686774653,1.5772046991358095,-0.2088800055789761,54.9999987706542,2.238650274895431,131.11002241832963,44.79188965794705
20250718111119302995,2025-07-18 11:11:19.302995,101,-1.085211073103999,1.2479875530261888,1.5772787311892376,-0.2088800055789761,67.5199984908104,2.2853805375818177,131.0092046814078,43.64279288866492
20250718111119302995,2025-07-18 11:11:19.302995,102,-1.126773638266465,1.3141293212687253,1.6295534380195078,-0.4872000130126253,43.63999902456999,2.377393344037045,130.61077076072527,43.269986949706045
20250718111119302995,2025-07-18 11:11:19.302995,103,-1.0318755950199856,1.2070350821713776,1.574517540248912,-0.2088800055789761,47.11999894678593,2.236248290718586,130.52661966803666,44.75598246149166
20250718111119302995,2025-07-18 11:11:19.302995,104,-1.0720083152080786,1.2584062092163022,1.574487060676879,-0.2088800055789761,56.23999874293804,2.282936161943282,130.42694032784237,43.60449397401938
20250718111119302995,2025-07-18 11:11:19.302995,105,-1.1130652271395989,1.3249470022085292,1.6266548491477095,-0.4872000130126253,37.63999915868044,2.374953632554634,130.033041643224,43.22936914091122
20250718111119302995,2025-07-18 11:11:19.302995,106,-1.0586983573787667,1.2686968177579916,1.571729700428509,-0.2088800055789761,46.879998952150345,2.280519256335022,129.8442223250637,43.56667062607123
20250718111119360575,2025-07-18 11:11:19.360575,1,-1.4492862612371402,0.7745152399173627,0.0493126035732338,-0.1391600037168245,19.119999572634697,1.64400007808581,151.8794404910156,1.7188733469726556
20250718111119360575,2025-07-18 11:11:19.360575,2,-1.5018150545166091,0.8025872309501683,0.1193924434117361,-0.4174800111504737,16.99999962002039,1.7070000810781494,151.8794404910156,4.01070447626953
20250718111119360575,2025-07-18 11:11:19.360575,3,-1.3705623261395588,0.786181589077959,0.0474153881377064,-0.2088800055789761,10.519999764859676,1.5807500750815964,150.16056714404294,1.7188733469726554
20250718111119360575,2025-07-18 11:11:19.360575,4,-1.42540215984402,0.8176387995851113,0.0493126035732338,-0.1391600037168245,21.51999951899052,1.6440000780858102,150.16056714404294,1.7188733469726554
20250718111119360575,2025-07-18 11:11:19.360575,5,-1.4854640273657145,0.8324610169007417,0.1193924434117361,-0.4174800111504737,18.999999575316902,1.7070000810781494,150.73352492636715,4.01070447626953
20250718111119360575,2025-07-18 11:11:19.360575,6,-1.3545656396145194,0.8134337765386503,0.0474153881377064,-0.2088800055789761,11.639999739825726,1.5807500750815964,149.0146515793945,1.7188733469726554
20250718111119360575,2025-07-18 11:11:19.360575,7,-1.408765403464349,0.8459814193449572,0.0493126035732338,-0.1391600037168245,24.119999460875988,1.64400007808581,149.0146515793945,1.7188733469726556
20250718111119360575,2025-07-18 11:11:19.360575,8,-1.4685188344363562,0.8620018295587717,0.1193924434117361,-0.4174800111504737,21.51999951899052,1.7070000810781494,149.58760936171873,4.01070447626953
20250718111119360575,2025-07-18 11:11:19.360575,9,-1.5229323179033156,0.8939418504841334,0.1238163286172383,-0.4174800111504737,11.119999751448631,1.7702500840823634,149.58760936171873,4.010704476269529
20250718111119360575,2025-07-18 11:11:19.360575,10,-1.571779157376297,0.9438732376477406,-0.0183346948792471,-0.4174800111504737,6.519999854266644,1.833500087086577,149.0146515793945,-0.5729577823242186
20250718111119360575,2025-07-18 11:11:19.360575,11,-1.338562552068119,0.8406968688722847,-0.0158072369404798,-0.2088800055789761,12.879999712109566,1.5807500750815962,147.86873601474608,-0.5729577823242186
20250718111119360575,2025-07-18 11:11:19.360575,12,-1.39156515973177,0.8739856578317936,0.0493126035732338,-0.4174800111504737,27.359999388456345,1.6440000780858104,147.86873601474608,1.7188733469726551
20250718111119360575,2025-07-18 11:11:19.360575,13,-1.4509862535794715,0.8911978529935954,0.1193924434117361,-0.4174800111504737,24.63999944925308,1.7070000810781496,148.4416937970703,4.010704476269529
20250718111119360575,2025-07-18 11:11:19.360575,14,-1.5047500968945866,0.9242196832231472,0.1238163286172383,-0.4174800111504737,12.639999717473984,1.7702500840823634,148.4416937970703,4.010704476269529
20250718111119360575,2025-07-18 11:11:19.360575,15,-1.5525886061786471,0.9751179560824508,-0.0183346948792471,-0.4174800111504737,6.999999843537808,1.833500087086577,147.86873601474608,-0.5729577823242186
20250718111119360575,2025-07-18 11:11:19.360575,16,-1.2768684156924377,0.8198678215427664,-0.0151747474661889,-0.2088800055789761,4.999999888241291,1.517500072077382,147.29577823242187,-0.5729577823242187
20250718111119360575,2025-07-18 11:11:19.360575,17,-1.3300887961158625,0.8540402365098702,-0.0158072369404798,-0.2088800055789761,14.359999679028988,1.580750075081596,147.29577823242187,-0.5729577823242187
20250718111119360575,2025-07-18 11:11:19.360575,18,-1.3827558713372814,0.8878573782749422,0.0493126035732338,-0.4174800111504737,31.239999301731583,1.64400007808581,147.29577823242187,1.7188733469726556
20250718111119360575,2025-07-18 11:11:19.360575,19,-1.4357446912242942,0.9218811099241644,0.051202320133522,-0.4174800111504737,28.23999936878681,1.7070000810781494,147.29577823242187,1.7188733469726554
20250718111119360575,2025-07-18 11:11:19.360575,20,-1.485965995937072,0.954127840428162,0.1238163286172383,-0.4174800111504737,14.51999967545271,1.7702500840823632,147.29577823242187,4.010704476269529
20250718111119360575,2025-07-18 11:11:19.360575,21,-1.5427599605746851,0.9905948275444232,-0.0183346948792471,-0.4174800111504737,7.639999829232693,1.833500087086577,147.29577823242187,-0.5729577823242186
20250718111119360575,2025-07-18 11:11:19.360575,22,-1.2602167876038706,0.845239518737487,-0.0151747474661889,-0.2088800055789761,5.359999880194664,1.5175000720773824,146.14986266777342,-0.5729577823242187
20250718111119360575,2025-07-18 11:11:19.360575,23,-1.3127431215847238,0.8804694360753098,-0.0158072369404798,-0.2088800055789761,16.239999637007713,1.580750075081596,146.14986266777342,-0.5729577823242187
20250718111119360575,2025-07-18 11:11:19.360575,24,-1.3647233660111124,0.915333085897302,0.0493126035732338,-0.4174800111504737,35.759999200701714,1.64400007808581,146.14986266777342,1.7188733469726556
20250718111119360575,2025-07-18 11:11:19.360575,25,-1.417021159234166,0.950409718751031,0.051202320133522,-0.4174800111504737,32.87999926507473,1.7070000810781494,146.14986266777342,1.7188733469726554
20250718111119360575,2025-07-18 11:11:19.360575,26,-1.4695264833827075,0.9856255445922744,0.0530995355690494,-0.4174800111504737,16.8799996227026,1.7702500840823632,146.14986266777342,1.7188733469726556
20250718111119360575,2025-07-18 11:11:19.360575,27,-1.5226408435398333,1.0212498567414712,-0.0183346948792471,-0.4174800111504737,8.359999813139439,1.833500087086577,146.14986266777342,-0.5729577823242186
20250718111119360575,2025-07-18 11:11:19.360575,28,-1.5723517498798372,1.031945808057927,-0.2458835662278178,-0.1391600037168245,4.999999888241291,1.8967500900907908,146.72282045009763,-7.448451170214841
20250718111119360575,2025-07-18 11:11:19.360575,29,-1.2415696649828676,0.8692289777433931,-0.075843391276803,-0.2088800055789761,5.879999868571758,1.5175000720773824,145.00394710312497,-2.8647889116210927
20250718111119360575,2025-07-18 11:11:19.360575,30,-1.2948723673314315,0.906546459621498,-0.0158072369404798,-0.2088800055789761,18.23999959230423,1.580750075081596,145.00394710312497,-0.5729577823242187
20250718111119360575,2025-07-18 11:11:19.360575,31,-1.3461449895590092,0.942442672505948,0.0493126035732338,-0.4174800111504737,41.23999907821417,1.64400007808581,145.00394710312497,1.7188733469726556
20250718111119360575,2025-07-18 11:11:19.360575,32,-1.3977308376990445,0.9785581763793512,0.051202320133522,-0.4174800111504737,38.519999139010906,1.7070000810781496,145.00394710312497,1.7188733469726554
20250718111119360575,2025-07-18 11:11:19.360575,33,-1.4495213915856666,1.0148169957443152,0.0530995355690494,-0.4174800111504737,19.759999558329586,1.7702500840823632,145.00394710312497,1.7188733469726556
20250718111119360575,2025-07-18 11:11:19.360575,34,-1.5019126904963975,1.0514963996305655,-0.0183346948792471,-0.4174800111504737,9.119999796152117,1.833500087086577,145.00394710312497,-0.5729577823242186
20250718111119360575,2025-07-18 11:11:19.360575,35,-1.5513997502264143,1.0631843636528582,-0.2458835662278178,-0.1391600037168245,5.119999885559082,1.8967500900907908,145.5769048854492,-7.448451170214839
20250718111119360575,2025-07-18 11:11:19.360575,36,-1.2239379391204128,0.8938848751020297,-0.075843391276803,-0.2088800055789761,6.359999857842922,1.5175000720773824,143.85803153847655,-2.8647889116210927
20250718111119360575,2025-07-18 11:11:19.360575,37,-1.2764836814190943,0.932260876687172,-0.0158072369404798,-0.2088800055789761,20.63999953866005,1.580750075081596,143.85803153847655,-0.5729577823242187
20250718111119360575,2025-07-18 11:11:19.360575,38,-1.3270281730835125,0.9691752946281772,0.0493126035732338,-0.4174800111504737,47.8799989297986,1.64400007808581,143.85803153847655,1.7188733469726556
20250718111119360575,2025-07-18 11:11:19.360575,39,-1.3778814424899972,1.0063152238018849,0.051202320133522,-0.4174800111504737,45.639998979866505,1.7070000810781494,143.85803153847655,1.7188733469726554
20250718111119360575,2025-07-18 11:11:19.360575,40,-1.4289365105846032,1.0436025336469166,0.0530995355690494,-0.4174800111504737,23.35999947786331,1.7702500840823634,143.85803153847655,1.7188733469726554
20250718111119360575,2025-07-18 11:11:19.360575,41,-1.4805837924288534,1.0813223579983742,-0.0183346948792471,-0.4174800111504737,9.999999776482582,1.833500087086577,143.85803153847655,-0.5729577823242186
20250718111119360575,2025-07-18 11:11:19.360575,42,-1.529827211385694,1.093997659696941,-0.2458835662278178,-0.1391600037168245,5.359999880194664,1.8967500900907908,144.43098932080076,-7.448451170214841
20250718111119360575,2025-07-18 11:11:19.360575,43,-5.684733068639928,3.9799093465014166,1.0487941997815924,-0.0697200018621515,4.999999888241291,7.018250333348988,145.00394710312497,8.594366734863279
20250718111119360575,2025-07-18 11:11:19.360575,44,-1.2149380431650008,0.9060793563617332,-0.075843391276803,-0.2088800055789761,6.999999843537808,1.517500072077382,143.28507375615231,-2.8647889116210927
20250718111119360575,2025-07-18 11:11:19.360575,45,-1.2670974045872734,0.9449788878165346,-0.0158072369404798,-0.2088800055789761,23.35999947786331,1.580750075081596,143.28507375615231,-0.5729577823242187
20250718111119360575,2025-07-18 11:11:19.360575,46,-1.3172702310294937,0.9823968965334136,0.0493126035732338,-0.4174800111504737,55.63999875634909,1.64400007808581,143.28507375615231,1.7188733469726556
20250718111119360575,2025-07-18 11:11:19.360575,47,-1.367749564700332,1.0200434929334168,0.051202320133522,-0.4174800111504737,54.51999878138304,1.7070000810781494,143.28507375615231,1.7188733469726556
20250718111119360575,2025-07-18 11:11:19.360575,48,-1.4184292131873244,1.0355376454604734,1.7775012085323147,-0.4174800111504737,28.11999937146902,2.4987577302177324,143.8683339870522,45.34518434571015
20250718111119360575,2025-07-18 11:11:19.360575,49,-1.467933378677449,1.0337384603297308,1.6281412085936229,-0.4174800111504737,10.99999975413084,2.423692926862018,144.8462774152366,42.20308802751055
20250718111119360575,2025-07-18 11:11:19.360575,50,-1.5188109266455478,1.007805157516639,1.475402022645551,-0.1391600037168245,5.519999876618385,2.345052023909412,146.43378503844596,38.98783311449488
20250718111119360575,2025-07-18 11:11:19.360575,51,-5.604003281263177,4.22478958963879,1.9537626944510087,-0.0697200018621515,5.119999885559082,7.284976905890452,142.98780604527175,15.556628333056178
20250718111119360575,2025-07-18 11:11:19.360575,52,-1.1965746850260883,0.8788699370732543,1.6859886536788338,-0.2088800055789761,7.639999829232693,2.246499740367266,143.70315852970117,48.63334518878735
20250718111119360575,2025-07-18 11:11:19.360575,53,-1.247945676177562,0.9329825589996964,1.733643220881132,-0.4174800111504737,26.519999407231808,2.330953385075514,143.2176690385541,48.05172193145825
20250718111119360575,2025-07-18 11:11:19.360575,54,-1.2978792925104614,0.970313665662186,1.7229855797112643,-0.4174800111504737,64.7599985525012,2.365307289886709,143.2176690385541,46.7558129033165
20250718111119360575,2025-07-18 11:11:19.360575,55,-1.347076514545854,1.0247625691604068,1.7784242395757934,-0.4174800111504737,65.63999853283167,2.4551061555672056,142.73863461852957,46.41710742668795
20250718111119360575,2025-07-18 11:11:19.360575,56,-1.3969901580988855,1.0627334142098477,1.7702141242583764,-0.4174800111504737,34.23999923467636,2.492918341467911,142.73863461852957,45.24281748779008
20250718111119360575,2025-07-18 11:11:19.360575,57,-1.4457460856641406,1.061883380312232,1.620599800013273,-0.4174800111504737,11.9999997317791,2.4174618444557874,143.70315852970117,42.09581656058095
20250718111119360575,2025-07-18 11:11:19.360575,58,-1.4963238345117436,1.0369300930587186,1.4675980196874423,-0.1391600037168245,5.519999876618385,2.338386833483544,145.27861821812232,38.8741082401389
20250718111119360575,2025-07-18 11:11:19.360575,59,-1.177732712988677,0.9018047494123624,1.6798432892340105,-0.2088800055789761,8.359999813139439,2.241022004731525,142.5582651589765,48.55470512611795
20250718111119360575,2025-07-18 11:11:19.360575,60,-1.2282947861587463,0.9569020019318436,1.7272340254640608,-0.4174800111504737,29.999999329447743,2.325447677701374,142.07965693496166,47.96648892462235
20250718111119360575,2025-07-18 11:11:19.360575,61,-1.2774421182634697,0.9951901889457224,1.7163199353869465,-0.4174800111504737,74.99999832361937,2.359664382553997,142.07965693496166,46.66533134641575
20250718111119360575,2025-07-18 11:11:19.360575,62,-1.3258646517704238,1.0505820582856136,1.7715059283157102,-0.4174800111504737,79.51999822258949,2.449463816851282,141.6075733290464,46.32113295246028
20250718111119360575,2025-07-18 11:11:19.360575,63,-1.3749923255984728,1.089509600867081,1.7630394666671856,-0.4174800111504737,42.11999905854464,2.487155649906607,141.6075733290464,45.142051586659086
20250718111119360575,2025-07-18 11:11:19.360575,64,-1.4229805135187736,1.0895940744959252,1.6131747418850466,-0.4174800111504737,13.119999706745148,2.4113111655045003,142.5582651589765,41.99017324083985
20250718111119360575,2025-07-18 11:11:19.360575,65,-1.4732382328216074,1.0656148155173897,1.4599119714695306,-0.1391600037168245,5.359999880194664,2.331803763213694,144.1212327062135,38.76201329616715
20250718111119360575,2025-07-18 11:11:19.360575,66,-1.2182846041114768,0.968718171231614,1.724067892442558,-0.4174800111504737,33.87999924272299,2.322723050568169,141.5100588248389,47.92441854102132
20250718111119360575,2025-07-18 11:11:19.360575,67,-1.2670314022832627,1.0074791545182813,1.7130271169859657,-0.4174800111504737,86.23999807238579,2.3568718091338807,141.5100588248389,46.62065808597191
20250718111119360575,2025-07-18 11:11:19.360575,68,-1.315585525363461,1.0460869323374125,1.7020299809580557,-0.4174800111504737,95.9999978542328,2.392063795268226,141.5100588248389,45.35970167202649
20250718111119360575,2025-07-18 11:11:19.360575,69,-1.364332323535247,1.0848479156240798,1.6909892055014633,-0.4174800111504737,52.11999883502722,2.4285267513864173,141.5100588248389,44.131099300174405
20250718111119360575,2025-07-18 11:11:19.360575,70,-1.4113837094367612,1.1032831162857994,1.609506774192294,-0.4174800111504737,14.239999681711195,2.4082669424537766,141.98514754961374,41.937975371549015
20250718111119360575,2025-07-18 11:11:19.360575,71,-1.1977200844351228,0.9878172691835548,1.7025870851594729,-0.4174800111504737,37.87999915331602,2.3041525862035184,140.48596025109055,47.639595255474624
20250718111119360575,2025-07-18 11:11:19.360575,72,-1.2458309178197022,1.03175234921656,1.7065231340688385,-0.4174800111504737,97.23999782651664,2.3513461661400483,140.36966830941543,46.532466819486565
20250718111119360575,2025-07-18 11:11:19.360575,73,-1.2935726135755663,1.071290304204786,1.6952767578196517,-0.4174800111504737,114.51999744027852,2.386410758457021,140.36966830941543,45.26646528220781
20250718111119360575,2025-07-18 11:11:19.360575,74,-1.3415037605050657,1.1109851558397903,1.6839857530932854,-0.4174800111504737,64.11999856680632,2.422752230948669,140.36966830941543,44.03290608949992
20250718111119360575,2025-07-18 11:11:19.360575,75,-1.387767863491573,1.1303217449349408,1.6022617954813114,-0.2088800055789761,15.239999659359457,2.4022426503731324,140.83756085190225,41.834853393815095
20250718111119360575,2025-07-18 11:11:19.360575,76,-1.1861023631484386,0.986012644471382,1.6540071547752555,-0.2088800055789761,41.879999063909054,2.2615922309230494,140.2630883830879,46.99937983771687
20250718111119360575,2025-07-18 11:11:19.360575,77,-1.2350432693670326,1.0437341510431466,1.7033126199455348,-0.4174800111504737,106.87999761104584,2.348613790415165,139.79887227990346,46.48895678786086
20250718111119360575,2025-07-18 11:11:19.360575,78,-1.2823715698354772,1.0837312626707123,1.691943213045637,-0.4174800111504737,132.35999704152346,2.383615348369648,139.79887227990346,45.22045505453734
20250718111119360575,2025-07-18 11:11:19.360575,79,-1.3298876810200664,1.123887092995213,1.6805286894516929,-0.4174800111504737,77.23999827355146,2.419896716391091,139.79887227990346,43.984439239246704
20250718111119360575,2025-07-18 11:11:19.360575,80,-1.3757511831932072,1.1436686279539956,1.598685508954883,-0.2088800055789761,15.999999642372131,2.399263346355714,140.2630883830879,41.783939654521184
20250718111119360575,2025-07-18 11:11:19.360575,81,-1.16502724799461,1.008723569123165,1.6479217808554465,-0.4174800111504737,45.2399989888072,2.256204317718645,139.1127779532472,46.91957162432964
20250718111119360575,2025-07-18 11:11:19.360575,82,-1.2129165873996788,1.0629669372202186,1.681141255202975,-0.4174800111504737,112.99999747425318,2.3296569012534976,138.76956130533134,46.18889907398961
20250718111119360575,2025-07-18 11:11:19.360575,83,-1.2595859070259543,1.1082855043643345,1.6853639238130729,-0.4174800111504737,145.5199967473745,2.3780885122411024,138.65607075124072,45.129672083328366
20250718111119360575,2025-07-18 11:11:19.360575,84,-1.306257733985176,1.1493511506156782,1.6737056157762695,-0.4174800111504737,88.87999801337719,2.4142509859786103,138.65607075124072,43.8887884752188
20250718111119360575,2025-07-18 11:11:19.360575,85,-1.3513063161145769,1.1700108581289408,1.5916271296526718,-0.2088800055789761,16.519999630749226,2.3933723253930155,139.1127779532472,41.683432333740114
20250718111119360575,2025-07-18 11:11:19.360575,86,-1.2005015889435993,1.0607351354578152,1.6307126266776333,-0.4174800111504737,114.3599974438548,2.285954234768641,138.53693757720075,45.5091102220841
20250718111119360575,2025-07-18 11:11:19.360575,87,-1.247816364416991,1.1158100828606037,1.665677615944454,-0.4174800111504737,149.35999666154385,2.3614740609582445,138.19659385478633,44.85823382764718
20250718111119360575,2025-07-18 11:11:19.360575,88,-1.2940520908665372,1.1571545396508398,1.6532898650414,-0.4174800111504737,94.75999788194896,2.397278628019533,138.19659385478633,43.60262950680641
20250718111119360575,2025-07-18 11:11:19.360575,89,-1.3381436428170352,1.1776011299807423,1.5706403148839898,-0.2088800055789761,16.359999634325504,2.3757701548934493,138.651384872376,41.38441905704305
20250718111119360575,2025-07-18 11:11:19.360575,90,-1.1325435193539586,1.0420153094255893,1.639001285926785,-0.4174800111504737,48.75999891012907,2.248282887800735,137.3838816972406,46.802739861445815
20250718111119360575,2025-07-18 11:11:19.360575,91,-1.177859589320201,1.0837091056116837,1.6245567699279675,-0.4174800111504737,110.63999752700327,2.28056206590788,137.38388169724058,45.42638296623424
20250718111119360575,2025-07-18 11:11:19.360575,92,-1.224281986858973,1.1396895147394492,1.659279141456803,-0.4174800111504737,142.35999681800604,2.356048777641928,137.04940053061918,44.77007342749948
20250718111119360575,2025-07-18 11:11:19.360575,93,-1.268312614351634,1.166931900370488,1.5957248308789445,-0.4174800111504737,92.35999793559311,2.3487623727634497,137.3838816972406,42.79596601882604
20250718111119360575,2025-07-18 11:11:19.360575,94,-5.022254840947383,4.8385323975998125,1.2117117966690292,-0.0697200018621515,5.519999876618385,7.078325008660545,136.06738970788416,9.856796324929295
20250718111119360575,2025-07-18 11:11:19.360575,95,-1.1663613430320232,1.0950309174126402,1.621523099599044,-0.4174800111504737,102.63999770581722,2.2779000538088416,136.80666476952285,45.38563452669352
20250718111119360575,2025-07-18 11:11:19.360575,96,-1.211057671870842,1.1369937810361173,1.6070194227588614,-0.4174800111504737,127.23999715596436,2.3112609043195995,136.80666476952285,44.0511183581466
20250718111119360575,2025-07-18 11:11:19.360575,97,-1.2559313670939412,1.1791231639596875,1.5924581916455036,-0.4174800111504737,82.75999815016985,2.345979140311275,136.80666476952285,42.75019297667866
20250718111119360575,2025-07-18 11:11:19.360575,98,-1.0629071999251,1.002533785266008,1.590169837002626,-0.2783200074336491,13.35999970138073,2.159510550278781,136.67429484072534,47.42197129699451
20250718111119360575,2025-07-18 11:11:19.360575,99,-1.1430161064627071,1.1173385337173425,1.6155457918251357,-0.4174800111504737,92.11999794095756,2.272645908197468,135.65085064035458,45.30538644164599
20250718111119360575,2025-07-18 11:11:19.360575,100,-1.1868178185716791,1.1601562512503063,1.6008130575702595,-0.4174800111504737,108.63999757170676,2.305884105301445,135.65085064035458,43.96586002215501
20250718111119360575,2025-07-18 11:11:19.360575,101,-1.2307933469985446,1.203143880360782,1.5860218600842133,-0.4174800111504737,69.87999843806028,2.340485590754719,135.65085064035458,42.66000457920163
20250718111119360575,2025-07-18 11:11:19.360575,102,-4.829763601274564,4.937026137361661,1.1807405356621956,-0.0697200018621515,6.239999860525131,7.006781838886145,134.3707816265577,9.701428628355158
20250718111119360575,2025-07-18 11:11:19.360575,103,-1.1305488445279712,1.123440831141672,1.596916552304206,-0.4174800111504737,80.87999819219112,2.256192027723477,135.18068308925072,45.05561691718403
20250718111119360575,2025-07-18 11:11:19.360575,104,-1.1745192617520883,1.171560728385156,1.5977572371318771,-0.4174800111504737,90.51999797672032,2.3032321258024164,135.0722530290233,43.92389086548521
20250718111119360575,2025-07-18 11:11:19.360575,105,-1.2180390879417893,1.2149709311211612,1.5828528113841278,-0.4174800111504737,57.2399987205863,2.337775995627067,135.0722530290233,42.61559811313719
20250718111119360575,2025-07-18 11:11:19.360575,106,-4.73624696704143,4.938116483603514,1.1758684352890958,-0.0697200018621515,5.519999876618385,6.942600112029721,133.80461457486945,9.751193685377764
20250718111119360575,2025-07-18 11:11:19.360575,107,-1.1185976542105296,1.1343034648721655,1.5940059183684452,-0.4174800111504737,69.99999843537807,2.253610421128712,134.60057630601798,45.016639042774
20250718111119360575,2025-07-18 11:11:19.360575,108,-1.1614636227112982,1.1777712983800406,1.578447751006652,-0.4174800111504737,74.63999833166599,2.286403350423415,134.60057630601798,43.658832142748494
20250718111119360575,2025-07-18 11:11:19.360575,109,-1.2051630259967143,1.2266741959077971,1.579716931035741,-0.4174800111504737,46.35999896377325,2.3350916650822464,134.4931950654901,42.5716559932637
20250718111119360575,2025-07-18 11:11:19.360575,110,-1.1463510564291848,1.1729764481262397,1.526867054237762,-0.1391600037168245,61.519998624920845,2.2408296440720026,134.3422853993354,42.95194405426916
20250718111119360575,2025-07-18 11:11:19.360575,111,-1.1888271573777176,1.2164391079645431,1.50933591257434,-0.2088800055789761,37.63999915868044,2.2740116557509054,134.3422853993354,41.5851754501488
20250718111119360575,2025-07-18 11:11:19.360575,112,0.0775208502617926,0.1346318877131816,2.1996841973367016,3.96620010593324,5.119999885559082,2.2051634396178743,60.06672357503949,85.96012937536764
20250718111119415104,2025-07-18 11:11:19.415104,1,-1.5327086909871497,0.7475104590225619,1.923309328956216,-0.3480400092958007,21.51999951899052,2.5704253719230348,154.00125379954255,48.43862913828177
20250718111119415104,2025-07-18 11:11:19.415104,2,-1.4615568117428348,0.7482991289513462,1.9185361650489936,-0.3480400092958007,18.23999959230423,2.525248684177882,152.8881113664327,49.44141236856474
20250718111119415104,2025-07-18 11:11:19.415104,3,-1.5175653756964838,0.7769748254987519,1.915414375753426,-0.3480400092958007,23.639999471604824,2.564275098310341,152.8881113664327,48.32784132848282
20250718111119415104,2025-07-18 11:11:19.415104,4,-1.4463877853692473,0.7763886525248533,1.9110095998916976,-0.3480400092958007,20.239999547600743,2.5192805830857625,151.77409020374498,49.33686037311952
20250718111119415104,2025-07-18 11:11:19.415104,5,-1.5018150545166091,0.8061407724208789,1.9075993838291527,-0.3480400092958007,26.119999416172504,2.5581725532335424,151.77409020374498,48.21825418890504
20250718111119415104,2025-07-18 11:11:19.415104,6,-1.56058333573908,0.8193192017718622,1.835436765907392,-0.3480400092958007,18.11999959498644,2.544706746134647,152.30015445881628,46.15995813798886
20250718111119415104,2025-07-18 11:11:19.415104,7,-1.375598864240394,0.7732401457988688,1.9072732967481645,-0.4174800111504737,10.87999975681305,2.47545227925386,150.659152007077,50.396533639129935
20250718111119415104,2025-07-18 11:11:19.415104,8,-1.4306402231922872,0.8041795348368436,1.9035630554192515,-0.3480400092958007,22.51999949663877,2.513361987144541,150.659152007077,49.23351972194409
20250718111119415104,2025-07-18 11:11:19.415104,9,-1.4854640273657145,0.8349966337995693,1.8998674790758288,-0.3480400092958007,28.999999351799488,2.552120528718055,150.659152007077,48.1099078418196
20250718111119415104,2025-07-18 11:11:19.415104,10,-1.5348650690169563,0.8641721681636724,1.8234184497845665,-0.3480400092958007,19.999999552965164,2.535243412245041,150.61926628314615,45.99079245880868
20250718111119415104,2025-07-18 11:11:19.415104,11,-1.5974649184051268,0.8410053758362029,1.6797838829384228,-0.3480400092958007,10.119999773800371,2.465939598023475,152.23487727277575,42.93703683466725
20250718111119415104,2025-07-18 11:11:19.415104,12,-1.3599069405596194,0.7996639830568777,1.9001930508939493,-0.4174800111504737,11.9999997317791,2.469725289064812,149.54326016980943,50.299546468052135
20250718111119415104,2025-07-18 11:11:19.415104,13,-1.4143204240265783,0.8316606599054289,1.8961995101500253,-0.3480400092958007,25.23999943584204,2.507495622597625,149.54326016980943,49.131427602008216
20250718111119415104,2025-07-18 11:11:19.415104,14,-1.4685188344363562,0.8635308676755274,1.892221754152125,-0.3480400092958007,32.35999927669764,2.5461218143304354,149.54326016980943,48.00284194460112
20250718111119415104,2025-07-18 11:11:19.415104,15,-1.5169507028483966,0.8936514268644556,1.815519506222224,-0.3480400092958007,22.11999950557947,2.529004425674757,149.4972191177993,45.87965425555001
20250718111119415104,2025-07-18 11:11:19.415104,16,-1.579242093253137,0.8716910314634516,1.671561686293882,-0.3480400092958007,10.759999759495258,2.4592619450806805,151.1027095892468,42.82024706464888
20250718111119415104,2025-07-18 11:11:19.415104,17,-1.289907228943672,0.7927377868583068,1.8974689765938508,-0.4174800111504737,6.359999857842922,2.427484783707256,148.4263798374775,51.41286190268601
20250718111119415104,2025-07-18 11:11:19.415104,18,-1.343671072258787,0.8257794112528952,1.8931954429988327,-0.4174800111504737,13.35999970138073,2.4640520635461023,148.4263798374775,50.20380862370574
20250718111119415104,2025-07-18 11:11:19.415104,19,-1.3974349155739023,0.8588210356474836,1.888921909403816,-0.3480400092958007,28.359999366104603,2.501684211558568,148.4263798374775,49.03062069998411
20250718111119415104,2025-07-18 11:11:19.415104,20,-1.4448915618382792,0.8898083880559937,1.8145851034179248,-0.3480400092958007,36.35999918729067,2.4843891986708737,148.37396868716672,46.91950686290129
20250718111119415104,2025-07-18 11:11:19.415104,21,-1.4984295766515603,0.9227787340106166,1.8077148677947164,-0.3480400092958007,24.63999944925308,2.5228247722290345,148.37396868716672,45.76987608341481
20250718111119415104,2025-07-18 11:11:19.415104,22,-1.560387592348364,0.9020185356921668,1.6634354560273463,-0.3480400092958007,11.239999748766422,2.452644367505381,149.9689361642666,42.70479881535117
20250718111119415104,2025-07-18 11:11:19.415104,23,-1.6123608611037568,0.8716116311844895,1.5118949680405975,0.0697200018621515,4.999999888241291,2.375971543689405,151.60518705144185,39.51847906836445
20250718111119415104,2025-07-18 11:11:19.415104,24,-1.2738050551247035,0.8175021708532928,1.89083337990134,-0.4174800111504737,6.999999843537808,2.422011558263135,147.30847796047723,51.32353633083565
20250718111119415104,2025-07-18 11:11:19.415104,25,-1.3268977534684516,0.8515759845643115,1.886283272012549,-0.4174800111504737,14.999999664723871,2.4584352519276704,147.30847796047723,50.109353709083656
20250718111119415104,2025-07-18 11:11:19.415104,26,-1.3799904518121997,0.8856497982753301,1.8817331641237585,-0.3480400092958007,32.119999282062054,2.495930470434059,147.30847796047723,48.93113519208424
20250718111119415104,2025-07-18 11:11:19.415104,27,-1.4357446912242942,0.9037209084477736,1.8108572548142647,-0.3480400092958007,40.99999908357859,2.481386365735468,147.81188232922338,46.86765370036989
20250718111119415104,2025-07-18 11:11:19.415104,28,-1.4889437842060966,0.9372067593319692,1.803848890061484,-0.3480400092958007,27.639999382197857,2.519758107525314,147.8118823292234,45.71550996302764
20250718111119415104,2025-07-18 11:11:19.415104,29,-1.540908957239442,0.9319757579255604,1.655408442522429,-0.3480400092958007,11.879999734461308,2.4460900104935224,148.83352503749808,42.590737400699474
20250718111119415104,2025-07-18 11:11:19.415104,30,-1.5926748298258329,0.9025709299564488,1.5035994489364173,0.0697200018621515,5.119999885559082,2.3689784085139087,150.45971482637418,39.39801466218076
20250718111119415104,2025-07-18 11:11:19.415104,31,-1.2571933762903025,0.8419505527703164,1.8842824557104256,-0.4174800111504737,7.759999826550484,2.416596013320506,146.189523345,51.235484181064216
20250718111119415104,2025-07-18 11:11:19.415104,32,-1.309593693292188,0.8770433847062127,1.8794593027112063,-0.4174800111504737,16.8799996227026,2.4528774960676896,146.189523345,50.01621478614892
20250718111119415104,2025-07-18 11:11:19.415104,33,-1.361994010294074,0.9121362166421088,1.874636149711987,-0.3480400092958007,36.63999918103218,2.4902371083079813,146.18952334500003,48.8330067339388
20250718111119415104,2025-07-18 11:11:19.415104,34,-1.417021159234166,0.9312774285017424,1.8034735075195925,-0.3480400092958007,46.63999895751476,2.475427903793439,146.68676855323858,46.76498995391892
20250718111119415104,2025-07-18 11:11:19.415104,35,-1.4695264833827075,0.9657843396632744,1.7961915504900754,-0.3480400092958007,31.119999304413795,2.513672922667926,146.68676855323858,45.60784930248551
20250718111119415104,2025-07-18 11:11:19.415104,36,-1.5208139791203543,0.9615507156746992,1.6474838564773626,-0.3480400092958007,12.519999720156193,2.4396020157509164,147.69644633126669,42.478107718741285
20250718111119415104,2025-07-18 11:11:19.415104,37,-1.5723517498798372,0.9331437575164068,1.4954074844813905,-0.4174800111504737,5.119999885559082,2.3620522522131013,149.3121357343347,39.27896272960565
20250718111119415104,2025-07-18 11:11:19.415104,38,-1.2425638817857645,0.8520640270532369,1.8188140120258327,-0.4174800111504737,8.51999980956316,2.361792225590176,145.56037644819213,50.36278667750653
20250718111119415104,2025-07-18 11:11:19.415104,39,-1.29176581312304,0.902171425058558,1.8727262645914189,-0.4174800111504737,18.999999575316902,2.447381428841068,145.06948670208462,49.9244243674042
20250718111119415104,2025-07-18 11:11:19.415104,40,-1.3461449895590092,0.9230927581387292,1.803710204791084,-0.3480400092958007,41.999999061226845,2.432607053329922,145.5603764481921,47.85696538611194
20250718111119415104,2025-07-18 11:11:19.415104,41,-1.3977308376990445,0.9584667506951404,1.796188150595122,-0.3480400092958007,53.23999880999327,2.4695347495391307,145.56037644819213,46.66374792014607
20250718111119415104,2025-07-18 11:11:19.415104,42,-1.4501014127904268,0.9760485162286204,1.7201419167064678,-0.3480400092958007,35.35999920964241,2.452417792102211,146.0559039628444,44.5399613749396
20250718111119415104,2025-07-18 11:11:19.415104,43,-1.500110695714061,0.9907315793513396,1.639664867620764,-0.3480400092958007,12.999999709427357,2.4331835195540723,146.5576723182986,42.36695423402865
20250718111119415104,2025-07-18 11:11:19.415104,44,-1.5513997502264143,0.9633178851415182,1.4873223513519285,-0.4174800111504737,5.239999882876873,2.355196448211303,148.16242061989763,39.1613722691482
20250718111119415104,2025-07-18 11:11:19.415104,45,-1.2249180368943005,0.8758988661319453,1.812427486142968,-0.4174800111504737,9.519999787211418,2.35637781633734,144.4326794976801,50.27836234749231
20250718111119415104,2025-07-18 11:11:19.415104,46,-1.283492843217938,0.9110993117449756,1.8540035431367,-0.4174800111504737,21.639999516308308,2.432033094432984,144.6306087851154,49.66973819009092
20250718111119415104,2025-07-18 11:11:19.415104,47,-1.3270281730835125,0.948914488251017,1.796791293060322,-0.3480400092958007,48.35999891906977,2.426911912078277,144.4326794976801,47.76218906073668
20250718111119415104,2025-07-18 11:11:19.415104,48,-1.3778814424899972,0.985277999662096,1.7890040980863564,-0.3480400092958007,61.11999863386154,2.463709737194346,144.4326794976801,46.563965071626285
20250718111119415104,2025-07-18 11:11:19.415104,49,-1.4295082948171136,1.003864336669172,1.7126886900826128,-0.3480400092958007,40.3599990978837,2.446331972673387,144.92176183108978,44.43541054690856
20250718111119415104,2025-07-18 11:11:19.415104,50,-1.4779934401937371,1.0141942259443566,1.6144250628582093,-0.3480400092958007,13.519999697804453,2.4123479891548243,145.54221448132088,42.007964659792414
20250718111119415104,2025-07-18 11:11:19.415104,51,-1.529827211385694,0.9930812435835884,1.4793472834933374,-0.4174800111504737,5.239999882876873,2.3484143668085435,147.01054272090323,39.045291912392
20250718111119415104,2025-07-18 11:11:19.415104,52,-1.215910934055509,0.8876872628082297,1.8092687947735,-0.4174800111504737,10.639999762177467,2.353695317548314,143.8683339870522,50.23665385851898
20250718111119415104,2025-07-18 11:11:19.415104,53,-1.2665905825425012,0.9246864189022136,1.8013190427269914,-0.4174800111504737,24.879999443888664,2.3883146716415817,143.8683339870522,48.9574206609176
20250718111119415104,2025-07-18 11:11:19.415104,54,-1.3172702310294937,0.9616855749961976,1.7933692906804832,-0.3480400092958007,55.99999874830246,2.4240902251088103,143.8683339870522,47.715341947968255
20250718111119415104,2025-07-18 11:11:19.415104,55,-1.367749564700332,0.9985384893664898,1.785450960578823,-0.3480400092958007,70.63999842107296,2.460823666806726,143.8683339870522,46.51463240650591
20250718111119415104,2025-07-18 11:11:19.415104,56,-1.4189967929594312,1.0176216741593351,1.7090024226121212,-0.3480400092958007,46.51999896019697,2.443316404120043,144.35411760331877,44.38370661251741
20250718111119415104,2025-07-18 11:11:19.415104,57,-1.467125415958714,1.028418175982781,1.610613766932233,-0.3480400092958007,13.759999692440031,2.4091860943221914,144.97050640346797,41.95372941690551
20250718111119415104,2025-07-18 11:11:19.415104,58,-1.5143189129438042,1.0467478482053505,1.5430338344717556,-0.4174800111504737,5.119999885559082,2.402040016766258,145.34647586888346,39.96987374232474
20250718111119415104,2025-07-18 11:11:19.415104,59,-1.1975328710154267,0.9110001164035836,1.80302213447936,-0.4174800111504737,11.879999734461308,2.348381358866634,142.73863461852957,50.15426176897731
20250718111119415104,2025-07-18 11:11:19.415104,60,-1.2474465145684583,0.9489709614530248,1.7948120191619423,-0.4174800111504737,28.639999359846115,2.382859390840811,142.73863461852957,48.86988454427858
20250718111119415104,2025-07-18 11:11:19.415104,61,-1.2973601581214902,0.9869418065024655,1.786601903844525,-0.3480400092958007,65.11999854445457,2.418500335357481,142.73863461852957,47.62275091768065
20250718111119415104,2025-07-18 11:11:19.415104,62,-1.347076514545854,1.0247625691604068,1.7784242395757934,-0.3480400092958007,81.87999816983938,2.4551061555672056,142.73863461852957,46.41710742668795
20250718111119415104,2025-07-18 11:11:19.415104,63,-1.397549159103798,1.044828325205891,1.7017124224354412,-0.3480400092958007,53.75999879837036,2.437341799981155,143.2176690385541,44.28146652378039
20250718111119415104,2025-07-18 11:11:19.415104,64,-1.4449503350156838,1.0565476047676583,1.6030765092057762,-0.3480400092958007,14.239999681711195,2.4029208489189964,143.8257307041639,41.84645107962627
20250718111119415104,2025-07-18 11:11:19.415104,65,-1.1786758108152422,0.9339532943458808,1.7968718489859932,-0.4174800111504737,13.35999970138073,2.343137611131458,141.6075733290464,50.0732591406155
20250718111119415104,2025-07-18 11:11:19.415104,66,-1.2278034846432908,0.9728808369273484,1.7884053873374686,-0.4174800111504737,33.11999925971031,2.3774760459824504,141.6075733290464,48.7837933276186
20250718111119415104,2025-07-18 11:11:19.415104,67,-1.27693115847134,1.0118083795088155,1.779938925688944,-0.3480400092958007,75.63999830931425,2.4129840363131136,141.6075733290464,47.53165852498593
20250718111119415104,2025-07-18 11:11:19.415104,68,-1.3258646517704238,1.0505820582856136,1.7715059283157102,-0.3480400092958007,95.11999787390232,2.449463816851282,141.6075733290464,46.32113295246028
20250718111119415104,2025-07-18 11:11:19.415104,69,-1.3755425242432524,1.0716152262659155,1.6945348939286753,-0.3480400092958007,62.23999860882759,2.4314450304105817,142.07965693496166,44.18081618058535
20250718111119415104,2025-07-18 11:11:19.415104,70,-1.4221972932302307,1.0842430467552129,1.595655537891188,-0.3480400092958007,15.119999662041664,2.396736264362693,142.67912622747158,41.74079801258412
20250718111119415104,2025-07-18 11:11:19.415104,71,-1.1693623738146175,0.9415992522770704,1.7791177789572798,-0.4174800111504737,15.119999662041664,2.3279341881986224,141.15813028147628,49.84008867727656
20250718111119415104,2025-07-18 11:11:19.415104,72,-1.2177973065351937,0.9846922799171568,1.785240520726903,-0.4174800111504737,38.35999914258719,2.3748121784212923,141.04152593260005,48.74129891992576
20250718111119415104,2025-07-18 11:11:19.415104,73,-1.2665246066385312,1.024092429659216,1.776647424371361,-0.4174800111504737,87.51999804377556,2.410254333930673,141.04152593260008,47.48668457337259
20250718111119415104,2025-07-18 11:11:19.415104,74,-1.3153881858988812,1.0591828162352284,1.7515347931993914,-0.3480400092958007,110.23999753594398,2.433102638525217,141.15813028147628,46.04433186492328
20250718111119415104,2025-07-18 11:11:19.415104,75,-1.364332323535247,1.0848479156240798,1.6909892055014633,-0.3480400092958007,71.8799983933568,2.4285267513864173,141.5100588248389,44.131099300174405
20250718111119415104,2025-07-18 11:11:19.415104,76,-1.1499686239607043,0.9523626459465512,1.7291051435215707,-0.4174800111504737,16.99999962002039,2.2845627684178744,140.36966830941543,49.18857976073672
20250718111119415104,2025-07-18 11:11:19.415104,77,-1.1977200844351228,1.0041813068301932,1.763658505073697,-0.4174800111504737,44.519999004900455,2.3565663199165985,140.0231722521394,48.45212696541032
20250718111119415104,2025-07-18 11:11:19.415104,78,-1.2456440416329857,1.0443612642282698,1.7542018550315723,-0.4174800111504737,100.2399977594614,2.3915567475751938,140.02317225213943,47.18044265586183
20250718111119415104,2025-07-18 11:11:19.415104,79,-1.2935726135755663,1.071290304204786,1.6952767578196517,-0.3480400092958007,126.7599971666932,2.386410758457021,140.36966830941543,45.26646528220781
20250718111119415104,2025-07-18 11:11:19.415104,80,-1.3415037605050657,1.1109851558397903,1.6839857530932854,-0.3480400092958007,82.35999815911055,2.422752230948669,140.36966830941543,44.03290608949992
20250718111119415104,2025-07-18 11:11:19.415104,81,-1.140011046997854,0.9634224903941454,1.726141667133424,-0.4174800111504737,18.999999575316902,2.2819669448282016,139.79887227990346,49.15022443979407
20250718111119415104,2025-07-18 11:11:19.415104,82,-1.187349027632166,1.0157004018294884,1.7605719728710985,-0.4174800111504737,51.23999885469675,2.3539453458725133,139.45514880716763,48.41085793073234
20250718111119415104,2025-07-18 11:11:19.415104,83,-1.234858011340997,1.056341268769684,1.750991822489379,-0.4174800111504737,112.7599974796176,2.3888707681043915,139.45514880716766,47.13670896354427
20250718111119415104,2025-07-18 11:11:19.415104,84,-1.2823715698354772,1.0837312626707123,1.691943213045637,-0.3480400092958007,143.3599967956543,2.383615348369648,139.79887227990346,45.22045505453734
20250718111119415104,2025-07-18 11:11:19.415104,85,-1.3296881962143552,1.1191366115417931,1.6634767381761235,-0.3480400092958007,92.87999792397022,2.405762314298341,139.9142431868747,43.74540713761488
20250718111119415104,2025-07-18 11:11:19.415104,86,-1.371897665864958,1.1214647068349592,1.5288988695998014,-0.3480400092958007,16.119999639689922,2.3403670754276327,140.7355444489423,40.788837079015714
20250718111119415104,2025-07-18 11:11:19.415104,87,-1.166426726731855,1.0263165266689638,1.7086344596177592,-0.4174800111504737,58.11999870091677,2.309395730129747,138.65607075124072,47.7196730662664
20250718111119415104,2025-07-18 11:11:19.415104,88,-1.2130985536910772,1.067382172920308,1.6969761515809558,-0.4174800111504737,122.99999725073576,2.3432116556278,138.65607075124072,46.40312757768318
20250718111119415104,2025-07-18 11:11:19.415104,89,-1.2595859070259543,1.1082855043643345,1.6853639238130729,-0.3480400092958007,157.75999647378922,2.3780885122411024,138.65607075124072,45.129672083328366
20250718111119415104,2025-07-18 11:11:19.415104,90,-1.3060617937009011,1.1445968495219538,1.656654687970235,-0.3480400092958007,101.63999772816896,2.400084188538926,138.76956130533134,43.64978885353915
20250718111119415104,2025-07-18 11:11:19.415104,91,-1.1557010180144944,1.0375316356806463,1.7056293802150515,-0.4174800111504737,64.51999855786562,2.3067917809656504,138.08406254093717,47.67987006687062
20250718111119415104,2025-07-18 11:11:19.415104,92,-1.2019436809209738,1.079046028188507,1.6938508309812084,-0.4174800111504737,129.1199971139431,2.34054258253743,138.0840625409372,46.36081614326295
20250718111119415104,2025-07-18 11:11:19.415104,93,-1.2480035665037117,1.1203963321884318,1.6821188372779334,-0.4174800111504737,166.87999626994133,2.3753577890314843,138.08406254093717,45.08490784587048
20250718111119415104,2025-07-18 11:11:19.415104,94,-1.2940520908665372,1.1571545396508398,1.6532898650414,-0.3480400092958007,106.99999760836364,2.397278628019533,138.19659385478633,43.60262950680641
20250718111119415104,2025-07-18 11:11:19.415104,95,-1.1339039772978128,1.0596482583816826,1.6997032490230053,-0.4174800111504737,69.2399984523654,2.301648060838688,136.9388256133644,47.601437807330406
20250718111119415104,2025-07-18 11:11:19.415104,96,-1.1792744827946255,1.1020475956220064,1.6876875795627522,-0.4174800111504737,129.5199971050024,2.3352701289138174,136.9388256133644,46.27741868286432
20250718111119415104,2025-07-18 11:11:19.415104,97,-1.224465658230186,1.144279346549127,1.6757194028671645,-0.4174800111504737,168.51999623328447,2.369963478256462,136.9388256133644,44.99665484313396
20250718111119415104,2025-07-18 11:11:19.415104,98,-1.268312614351634,1.166931900370488,1.5957248308789445,-0.3480400092958007,107.2399976029992,2.3487623727634497,137.3838816972406,42.79596601882604
20250718111119415104,2025-07-18 11:11:19.415104,99,-1.1226663983644418,1.0662955584222746,1.681558890934582,-0.4174800111504737,71.3599984049797,2.2858272821035275,136.47517297240694,47.36180065964872
20250718111119415104,2025-07-18 11:11:19.415104,100,-1.1675872585235758,1.1089608717673385,1.6688172175843443,-0.4174800111504737,123.87999723106624,2.31905263568629,136.47517297240694,46.02242414071511
20250718111119415104,2025-07-18 11:11:19.415104,101,-1.2123305658757566,1.1514575475102469,1.6561259065793652,-0.4174800111504737,161.75999638438225,2.3533705409727275,136.47517297240694,44.726638190221415
20250718111119415104,2025-07-18 11:11:19.415104,102,-1.2559313670939412,1.1791231639596875,1.5924581916455036,-0.3480400092958007,102.51999770849945,2.345979140311275,136.80666476952285,42.75019297667866
20250718111119415104,2025-07-18 11:11:19.415104,103,-1.0550650496089768,1.0313632754963913,1.6451281867972285,-0.3480400092958007,27.119999393820763,2.20982334496307,135.65085064035458,48.11285832653248
20250718111119415104,2025-07-18 11:11:19.415104,104,-1.1001957353792398,1.0877674731102156,1.675805508733998,-0.4174800111504737,70.23999843001366,2.280787766278674,135.32545305763182,47.28597334907724
20250718111119415104,2025-07-18 11:11:19.415104,105,-1.144217484715148,1.131291934710229,1.6628336273026685,-0.4174800111504737,113.75999745726584,2.3138865067148005,135.32545305763182,45.94167734253038
20250718111119415104,2025-07-18 11:11:19.415104,106,-1.1880652350418233,1.1746443628651833,1.6499130181299604,-0.4174800111504737,148.11999668926,2.3480846128963604,135.32545305763182,44.64107805437548
20250718111119415104,2025-07-18 11:11:19.415104,107,-1.2307933469985446,1.203143880360782,1.5860218600842133,-0.3480400092958007,93.6399979069829,2.340485590754719,135.65085064035458,42.66000457920163
20250718111119415104,2025-07-18 11:11:19.415104,108,-1.087651624495966,1.0849119047421414,1.6275071778536705,-0.4174800111504737,66.11999852210283,2.238034743091616,135.0722530290233,46.65248093500225
20250718111119415104,2025-07-18 11:11:19.415104,109,-1.131171450685667,1.1283221074781464,1.6126027521059203,-0.4174800111504737,101.23999773710966,2.2700544630404424,135.0722530290233,45.26589404002321
20250718111119415104,2025-07-18 11:11:19.415104,110,-1.1745192617520883,1.171560728385156,1.5977572371318771,-0.4174800111504737,130.87999707460403,2.3032321258024164,135.0722530290233,43.92389086548521
20250718111119415104,2025-07-18 11:11:19.415104,111,-1.2180390879417893,1.2149709311211612,1.5828528113841278,-0.3480400092958007,82.63999815285206,2.337775995627067,135.0722530290233,42.61559811313719
20250718111119415104,2025-07-18 11:11:19.415104,112,-1.0761539067048755,1.0953623698241777,1.624706984174409,-0.4174800111504737,59.99999865889549,2.235530974191167,134.4931950654901,46.61592283211023
20250718111119415104,2025-07-18 11:11:19.415104,113,-1.1192136787112543,1.1391907233850689,1.6096905152508167,-0.4174800111504737,88.11999803036451,2.267487225487592,134.4931950654901,45.22682749257613
20250718111119415104,2025-07-18 11:11:19.415104,114,-1.1621032539903355,1.1828458423469057,1.5947333999593334,-0.4174800111504737,112.7599974796176,2.300604893639528,134.49319506549014,43.88236702792874
20250718111119415104,2025-07-18 11:11:19.415104,115,-1.2051630259967143,1.2266741959077971,1.579716931035741,-0.4174800111504737,71.3599984049797,2.3350916650822464,134.4931950654901,42.5716559932637
20250718111119415104,2025-07-18 11:11:19.415104,116,-1.0522572980698963,1.111216976740139,1.604118440523408,-0.4174800111504737,53.11999881267548,2.217035083611467,133.43894385116488,46.347710727911895
20250718111119415104,2025-07-18 11:11:19.415104,117,-1.0949635804309794,1.1605787458317025,1.6039596119085426,-0.4174800111504737,75.75999830663204,2.262426729063357,133.3336991549991,45.14998599014902
20250718111119415104,2025-07-18 11:11:19.415104,118,-1.1369238636226775,1.205053478792406,1.5887828817079577,-0.4174800111504737,95.7599978595972,2.295426061460625,133.3336991549991,43.80067099384116
20250718111119415104,2025-07-18 11:11:19.415104,119,-1.17905065587466,1.2497046987886682,1.5735459263875289,-0.4174800111504737,60.87999863922596,2.329800220135565,133.3336991549991,42.48518211454425
20250718111119415104,2025-07-18 11:11:19.415104,120,-1.124162998934714,1.2159737805311182,1.5858567956759655,-0.4174800111504737,80.75999819487333,2.2928751513121406,132.7532621795673,43.76050653318027
20250718111119415104,2025-07-18 11:11:19.415104,121,-1.1651752835797575,1.2557481517165672,1.5536273998228938,-0.4174800111504737,51.63999884575605,2.312638095224843,132.85741927157645,42.20604605226998
20250718111119415104,2025-07-18 11:11:19.415104,122,-1.108176965477485,1.2056445001734335,1.5181136760734184,-0.4174800111504737,68.11999847739935,2.2330033544745254,132.58789566377268,42.83214464544242
20250718111119415104,2025-07-18 11:11:19.415104,123,-1.0952289270787932,1.2162862219038209,1.5152622353296843,-0.4174800111504737,57.51999871432781,2.23044798597043,132.00207841822274,42.79312951659788
20250718111119469882,2025-07-18 11:11:19.469882,1,-1.491514589671974,0.691460797342989,2.0015656562807247,-0.4174800111504737,20.51999954134226,2.590173523505529,155.12773064911383,50.60179877097852
20250718111119469882,2025-07-18 11:11:19.469882,2,-1.5540725920656195,0.7020948358117831,2.0759637868834937,-0.0697200018621515,24.119999460875988,2.6865785721498607,155.6876240720717,50.59846540987686
20250718111119469882,2025-07-18 11:11:19.469882,3,-1.4778672945769036,0.7201437793087349,1.9938800744264864,-0.4174800111504737,22.879999488592148,2.5842322949866747,154.02068236492929,50.49382758705418
20250718111119469882,2025-07-18 11:11:19.469882,4,-1.534500895281493,0.7477405299756753,1.9936455517311515,-0.3480400092958007,26.519999407231808,2.624582154120045,154.02068236492929,49.429382037153935
20250718111119469882,2025-07-18 11:11:19.469882,5,-1.5913592324968149,0.7754467915579609,1.9934100983902,-0.3480400092958007,23.51999947428704,2.665975572610224,154.02068236492929,48.39348284887771
20250718111119469882,2025-07-18 11:11:19.469882,6,-1.646514313632165,0.6267958627603488,1.492220391530542,-0.2783200074336491,15.999999642372131,2.3088101124753964,159.1591475208296,40.26439940533518
20250718111119469882,2025-07-18 11:11:19.469882,7,-1.7089079863602237,0.694988039184971,1.5592211168811527,-0.2783200074336491,7.639999829232693,2.415480360463325,157.86913905138746,40.204060616959545
20250718111119469882,2025-07-18 11:11:19.469882,8,-1.405325991583021,0.719509639957324,1.9216703423973216,-0.4174800111504737,14.6399996727705,2.4870569292759983,152.8881113664327,50.59411889606704
20250718111119469882,2025-07-18 11:11:19.469882,9,-1.463628872295061,0.7485573969556415,1.986266668523952,-0.4174800111504737,25.63999942690134,2.578333363016108,152.91301046731874,50.38698660139031
20250718111119469882,2025-07-18 11:11:19.469882,10,-1.519716840028996,0.7772429906345986,1.985740391222862,-0.3480400092958007,29.23999934643507,2.6185512868172465,152.91301046731877,49.31767789398865
20250718111119469882,2025-07-18 11:11:19.469882,11,-1.5760273790634622,0.8060424160345038,1.985212025519784,-0.3480400092958007,25.23999943584204,2.659818313771215,152.91301046731877,48.27701792904772
20250718111119469882,2025-07-18 11:11:19.469882,12,-1.631448777651496,0.6584596095927819,1.483736116137448,-0.2783200074336491,16.99999962002039,2.301448898823582,158.02078919033698,40.142926049673655
20250718111119469882,2025-07-18 11:11:19.469882,13,-1.6845809041226845,0.7441596044166672,1.5460456356867454,-0.2783200074336491,8.51999980956316,2.4045464119052484,156.16666947347946,40.01346980856218
20250718111119469882,2025-07-18 11:11:19.469882,14,-1.390740566741142,0.7465184686609866,1.9144333485576648,-0.4174800111504737,16.239999637007713,2.481230379086378,151.77409020374498,50.49473600150915
20250718111119469882,2025-07-18 11:11:19.469882,15,-1.448805018005262,0.7766902852160017,1.9787284838338328,-0.4174800111504737,28.879999354481697,2.5724793861334403,151.80467361665788,50.281314001891374
20250718111119469882,2025-07-18 11:11:19.469882,16,-1.5043249183302811,0.8064539640290236,1.9779133344916984,-0.3480400092958007,32.239999279379845,2.612566289066672,151.80467361665788,49.2071686349071
20250718111119469882,2025-07-18 11:11:19.469882,17,-1.557462273144714,0.8360109562847456,1.904175635163186,-0.3480400092958007,27.119999393820763,2.5981701062182894,151.77409020374498,47.12931228510752
20250718111119469882,2025-07-18 11:11:19.469882,18,-1.6076288825059373,0.7053937601372666,1.4711601484016126,-0.2783200074336491,17.999999597668648,2.290494087080981,156.30914392251478,39.962749364981626
20250718111119469882,2025-07-18 11:11:19.469882,19,-1.6675192142812325,0.7765394837961345,1.537369473156,-0.2783200074336491,9.519999787211418,2.397319085329156,155.02928822731462,39.88785208867308
20250718111119469882,2025-07-18 11:11:19.469882,20,-1.375598864240394,0.7732401457988688,1.9072732967481645,-0.4174800111504737,18.23999959230423,2.47545227925386,150.659152007077,50.396533639129935
20250718111119469882,2025-07-18 11:11:19.469882,21,-1.4306402231922872,0.8041795348368436,1.9035630554192515,-0.4174800111504737,32.63999927043915,2.513361987144541,150.659152007077,49.23351972194409
20250718111119469882,2025-07-18 11:11:19.469882,22,-1.480110819556646,0.8496983597825718,1.966326033572364,-0.3480400092958007,35.63999920338392,2.6036807429272626,150.1408350122968,49.04373255164799
20250718111119469882,2025-07-18 11:11:19.469882,23,-1.5405053863176073,0.865936022837544,1.896157237746916,-0.3480400092958007,29.11999934911728,2.591990414947802,150.659152007077,47.0160610467559
20250718111119469882,2025-07-18 11:11:19.469882,24,-1.5937592593335446,0.7424169119946484,1.4799316185159812,-0.2783200074336491,18.999999575316902,2.2981403445852497,155.02260094082143,40.0884341843796
20250718111119469882,2025-07-18 11:11:19.469882,25,-1.6497905390171763,0.8085833028594139,1.5287833577155852,-0.2783200074336491,10.519999764859676,2.3901452539797168,153.88993898990134,39.7634476018011
20250718111119469882,2025-07-18 11:11:19.469882,26,-1.3003658757646894,0.7660590539566794,1.8418589751121164,-0.3480400092958007,8.51999980956316,2.381227072163284,149.4972191177993,50.66846909398531
20250718111119469882,2025-07-18 11:11:19.469882,27,-1.3599069405596194,0.7996639830568777,1.9001930508939493,-0.4174800111504737,20.63999953866005,2.469725289064812,149.54326016980943,50.299546468052135
20250718111119469882,2025-07-18 11:11:19.469882,28,-1.4143204240265783,0.8316606599054289,1.8961995101500253,-0.4174800111504737,36.87999917566776,2.507495622597625,149.54326016980943,49.131427602008216
20250718111119469882,2025-07-18 11:11:19.469882,29,-1.4632266924878168,0.8781297640505444,1.9587078617590776,-0.3480400092958007,39.51999911665917,2.5978223041303496,149.03066538178442,48.936384529898056
20250718111119469882,2025-07-18 11:11:19.469882,30,-1.5229323179033156,0.8955275445240789,1.888228213408201,-0.3480400092958007,31.239999301731583,2.5858650803602297,149.54326016980943,46.90412110347128
20250718111119469882,2025-07-18 11:11:19.469882,31,-1.57700040131565,0.8122578944526329,1.5362873556865848,-0.2783200074336491,19.879999555647373,2.34667253618668,152.7485838753443,40.89434960594679
20250718111119469882,2025-07-18 11:11:19.469882,32,-1.6314019695639266,0.8402782445066984,1.5202907236970438,-0.2783200074336491,11.519999742507936,2.383028283308362,152.7485838753443,39.64030660430643
20250718111119469882,2025-07-18 11:11:19.469882,33,-1.2844891301052073,0.7910276677650674,1.8351686552060344,-0.3480400092958007,9.519999787211418,2.375601205922197,148.37396868716675,50.57955571804521
20250718111119469882,2025-07-18 11:11:19.469882,34,-1.343671072258787,0.8257794112528952,1.8931954429988327,-0.4174800111504737,23.35999947786331,2.4640520635461023,148.4263798374775,50.20380862370574
20250718111119469882,2025-07-18 11:11:19.469882,35,-1.3974349155739023,0.8588210356474836,1.888921909403816,-0.4174800111504737,41.999999061226845,2.501684211558568,148.4263798374775,49.03062069998411
20250718111119469882,2025-07-18 11:11:19.469882,36,-1.4509862535794715,0.8917320607361646,1.884665267245933,-0.3480400092958007,43.75999902188778,2.540179195605015,148.4263798374775,47.89709567826812
20250718111119469882,2025-07-18 11:11:19.469882,37,-1.5047500968945866,0.9247736851307532,1.8803917336509155,-0.3480400092958007,33.359999254345894,2.579796948365758,148.4263798374775,46.79353408715517
20250718111119469882,2025-07-18 11:11:19.469882,38,-1.5585942474410113,0.8425464219200006,1.5281715692117757,-0.2783200074336491,20.51999954134226,2.339745466112412,151.60518705144185,40.77844849847878
20250718111119469882,2025-07-18 11:11:19.469882,39,-1.6101723216169712,0.8654777040500526,1.494080695416467,-0.2783200074336491,12.359999723732471,2.3609285643418545,151.74169206862206,39.25967212486104
20250718111119469882,2025-07-18 11:11:19.469882,40,-1.2763576853736769,0.8033957109370219,1.831854648026156,-0.3480400092958007,10.639999762177467,2.3728095289886806,147.8118823292234,50.53556420032061
20250718111119469882,2025-07-18 11:11:19.469882,41,-1.3268977534684516,0.8515759845643115,1.886283272012549,-0.4174800111504737,26.75999940186739,2.4584352519276704,147.30847796047723,50.109353709083656
20250718111119469882,2025-07-18 11:11:19.469882,42,-1.3799904518121997,0.8856497982753301,1.8817331641237585,-0.4174800111504737,47.8799989297986,2.495930470434059,147.30847796047723,48.93113519208424
20250718111119469882,2025-07-18 11:11:19.469882,43,-1.4328732975933238,0.9195889328807716,1.8772010408511288,-0.3480400092958007,48.35999891906977,2.5342954524295944,147.30847796047723,47.79270773594468
20250718111119469882,2025-07-18 11:11:19.469882,44,-1.4889437842060966,0.9372067593319692,1.803848890061484,-0.3480400092958007,35.759999200701714,2.519758107525314,147.8118823292234,45.71550996302764
20250718111119469882,2025-07-18 11:11:19.469882,45,-1.5395646766762434,0.8724733360090413,1.5201526767496616,-0.2783200074336491,20.999999530613422,2.332880896305067,150.45971482637418,40.6638813551901
20250718111119469882,2025-07-18 11:11:19.469882,46,-1.5905130111915742,0.8963949801895605,1.4857964362427156,-0.2783200074336491,13.119999706745148,2.3539003057118384,150.59488842193414,39.13916898439035
20250718111119469882,2025-07-18 11:11:19.469882,47,-1.2602167876038706,0.8125111668998107,1.7665782343924428,-0.3480400092958007,12.11999972909689,2.317136035351535,147.18853766279727,49.67599593429737
20250718111119469882,2025-07-18 11:11:19.469882,48,-1.3122180418625704,0.862399997131886,1.818008639139775,-0.4174800111504737,30.759999312460423,2.4022500611779725,146.68676855323858,49.18238092237075
20250718111119469882,2025-07-18 11:11:19.469882,49,-1.361994010294074,0.9121362166421088,1.874636149711987,-0.3480400092958007,54.75999877601862,2.4902371083079813,146.18952334500003,48.8330067339388
20250718111119469882,2025-07-18 11:11:19.469882,50,-1.4141872114184817,0.9470903417324088,1.8698320605586145,-0.3480400092958007,53.63999880105257,2.528473357390832,146.189523345,47.6897163112501
20250718111119469882,2025-07-18 11:11:19.469882,51,-1.4695264833827075,0.9657843396632744,1.7961915504900754,-0.3480400092958007,37.99999915063381,2.513672922667926,146.68676855323858,45.60784930248551
20250718111119469882,2025-07-18 11:11:19.469882,52,-1.519919300595588,0.9020266663536743,1.5122338857501672,-0.2783200074336491,21.119999527931213,2.3260821379192853,149.3121357343347,40.55069426025521
20250718111119469882,2025-07-18 11:11:19.469882,53,-1.5702175167966967,0.9269263096941192,1.4776155911581208,-0.2783200074336491,13.639999695122242,2.346939127649438,149.44591831952877,39.02007432646649
20250718111119469882,2025-07-18 11:11:19.469882,54,-1.2430610896254612,0.8366917799050596,1.760099058665197,-0.3480400092958007,13.759999692440031,2.3115368704426174,146.0559039628444,49.59140277671102
20250718111119469882,2025-07-18 11:11:19.469882,55,-1.2943544356723866,0.887578392595983,1.8112621084084588,-0.4174800111504737,35.63999920338392,2.396626636233585,145.5603764481921,49.0913671867512
20250718111119469882,2025-07-18 11:11:19.469882,56,-1.3434527893558614,0.938269696534094,1.8676337048795144,-0.3480400092958007,62.5199986025691,2.4846068252872944,145.06948670208462,48.7362704505226
20250718111119469882,2025-07-18 11:11:19.469882,57,-1.3949354692399365,0.9742252870947072,1.862561273862124,-0.3480400092958007,59.11999867856503,2.5227156740800782,145.06948670208462,47.58815908662479
20250718111119469882,2025-07-18 11:11:19.469882,58,-1.4495213915856666,0.9939811162378862,1.7886362469777473,-0.3480400092958007,40.3599990978837,2.507654351800623,145.56037644819213,45.5016512592588
20250718111119469882,2025-07-18 11:11:19.469882,59,-1.4996659770871916,0.9311945920163298,1.5044183636239676,-0.2783200074336491,20.87999953329563,2.319352500988661,148.16242061989763,40.43893290045783
20250718111119469882,2025-07-18 11:11:19.469882,60,-1.549293956359131,0.957059480439552,1.4695414323914928,-0.2783200074336491,13.879999689757824,2.340048425529992,148.29475247372224,38.90243731998302
20250718111119469882,2025-07-18 11:11:19.469882,61,-1.225408183807355,0.8605361564160254,1.75370997723506,-0.3480400092958007,15.75999964773655,2.306002250149618,144.92176183108975,49.50811548902634
20250718111119469882,2025-07-18 11:11:19.469882,62,-1.2759731049889065,0.9124066771914812,1.8046093896016449,-0.3480400092958007,41.63999906927347,2.3910684553724204,144.4326794976801,49.00172105450928
20250718111119469882,2025-07-18 11:11:19.469882,63,-1.3270281730835125,0.948914488251017,1.796791293060322,-0.3480400092958007,71.3599984049797,2.426911912078277,144.4326794976801,47.76218906073668
20250718111119469882,2025-07-18 11:11:19.469882,64,-1.3778814424899972,0.985277999662096,1.7890040980863564,-0.3480400092958007,65.11999854445457,2.463709737194346,144.4326794976801,46.563965071626285
20250718111119469882,2025-07-18 11:11:19.469882,65,-1.4289365105846032,1.0217858107216318,1.7811860015450336,-0.3480400092958007,42.63999904692173,2.501705291670813,144.43267949768014,45.396956008692825
20250718111119469882,2025-07-18 11:11:19.469882,66,-1.478812807210054,0.9599654462161644,1.4967092364755683,-0.2783200074336491,20.239999547600743,2.312695292348034,147.01054272090323,40.32864254551665
20250718111119469882,2025-07-18 11:11:19.469882,67,-1.5385992570097462,0.9719729834036832,1.4655453713159343,-0.2783200074336491,13.759999692440031,2.336630563337551,147.71833765451444,38.844180703054725
20250718111119469882,2025-07-18 11:11:19.469882,68,-1.165697549024857,0.8359702412914637,1.7609471956411114,-0.3480400092958007,4.999999888241291,2.2712622142684804,144.35411760331877,50.83374136786228
20250718111119469882,2025-07-18 11:11:19.469882,69,-1.216397476806065,0.8723292701803651,1.750550021925657,-0.3480400092958007,18.23999959230423,2.3032599845561266,144.35411760331877,49.46697038163632
20250718111119469882,2025-07-18 11:11:19.469882,70,-1.2665905825425012,0.9246864189022136,1.8013190427269914,-0.3480400092958007,48.75999891012907,2.3883146716415817,143.8683339870522,48.9574206609176
20250718111119469882,2025-07-18 11:11:19.469882,71,-1.3172702310294937,0.9616855749961976,1.7933692906804832,-0.3480400092958007,80.87999819219112,2.4240902251088103,143.8683339870522,47.715341947968255
20250718111119469882,2025-07-18 11:11:19.469882,72,-1.367749564700332,0.9985384893664898,1.785450960578823,-0.3480400092958007,71.3599984049797,2.460823666806726,143.8683339870522,46.51463240650591
20250718111119469882,2025-07-18 11:11:19.469882,73,-1.4189967929594312,1.0176216741593351,1.7090024226121212,-0.2783200074336491,44.75999899953604,2.443316404120043,144.35411760331877,44.38370661251741
20250718111119469882,2025-07-18 11:11:19.469882,74,-1.4681638771607286,0.9741983689504456,1.4928955363229832,-0.2783200074336491,20.119999550282955,2.3093948806209865,146.43378503844596,40.27406302268616
20250718111119469882,2025-07-18 11:11:19.469882,75,-1.5167493672477033,1.0014863679749006,1.4576372837541678,-0.2088800055789761,13.119999706745148,2.3298519350542635,146.5638285994105,38.72882156836679
20250718111119469882,2025-07-18 11:11:19.469882,76,-1.1980120598446626,0.8956514523372066,1.7443008620509997,-0.3480400092958007,21.119999527931213,2.297827216515389,143.2176690385541,49.38569457650926
20250718111119469882,2025-07-18 11:11:19.469882,77,-1.2474465145684583,0.9489709614530248,1.7948120191619423,-0.3480400092958007,57.11999872326851,2.382859390840811,142.73863461852957,48.86988454427858
20250718111119469882,2025-07-18 11:11:19.469882,78,-1.2973601581214902,0.9869418065024655,1.786601903844525,-0.3480400092958007,90.8799979686737,2.418500335357481,142.73863461852957,47.62275091768065
20250718111119469882,2025-07-18 11:11:19.469882,79,-1.347076514545854,1.0247625691604068,1.7784242395757934,-0.3480400092958007,77.63999826461077,2.4551061555672056,142.73863461852957,46.41710742668795
20250718111119469882,2025-07-18 11:11:19.469882,80,-1.397549159103798,1.044828325205891,1.7017124224354412,-0.2783200074336491,46.63999895751476,2.437341799981155,143.2176690385541,44.28146652378039
20250718111119469882,2025-07-18 11:11:19.469882,81,-1.4464266511544914,1.002352089428317,1.4853517696570058,-0.2783200074336491,19.999999552965164,2.302852502435731,145.27861821812232,40.16606309398874
20250718111119469882,2025-07-18 11:11:19.469882,82,-1.494292797988936,1.0305717707591333,1.4498438735665986,-0.2088800055789761,12.359999723732471,2.3231522547017485,145.40706135844516,38.61504137626848
20250718111119469882,2025-07-18 11:11:19.469882,83,-1.179147454054024,0.9186138149179648,1.7381481155411749,-0.3480400092958007,24.63999944925308,2.2924656880571974,142.07965693496166,49.30579398425965
20250718111119469882,2025-07-18 11:11:19.469882,84,-1.2281105404135833,0.96903108454854,1.7730769787478404,-0.3480400092958007,66.75999850779772,2.3645461963898766,141.72506870204307,48.578192339521934
20250718111119469882,2025-07-18 11:11:19.469882,85,-1.2772505003573815,1.007804588326933,1.7639971868173017,-0.3480400092958007,100.3599977567792,2.399734361135698,141.72506870204307,47.31399237231078
20250718111119469882,2025-07-18 11:11:19.469882,86,-1.3258646517704238,1.0505820582856136,1.7715059283157102,-0.3480400092958007,83.51999813318253,2.449463816851282,141.6075733290464,46.32113295246028
20250718111119469882,2025-07-18 11:11:19.469882,87,-1.3755425242432524,1.0716152262659155,1.6945348939286753,-0.2783200074336491,48.239998921751976,2.4314450304105817,142.07965693496166,44.18081618058535
20250718111119469882,2025-07-18 11:11:19.469882,88,-1.4241108737990866,1.0300802763944297,1.477922024351857,-0.2783200074336491,19.519999563694,2.296390791384148,144.1212327062135,40.05964538731136
20250718111119469882,2025-07-18 11:11:19.469882,89,-1.1695378059396906,0.9299571879449464,1.73510866789915,-0.3480400092958007,28.639999359846115,2.289812468380645,141.5100588248389,49.26636774757488
20250718111119469882,2025-07-18 11:11:19.469882,90,-1.2182846041114768,0.968718171231614,1.724067892442558,-0.3480400092958007,76.99999827891588,2.322723050568169,141.5100588248389,47.92441854102132
20250718111119469882,2025-07-18 11:11:19.469882,91,-1.2670314022832627,1.0074791545182813,1.7130271169859657,-0.3480400092958007,108.51999757438898,2.3568718091338807,141.5100588248389,46.62065808597191
20250718111119469882,2025-07-18 11:11:19.469882,92,-1.315585525363461,1.0460869323374125,1.7020299809580557,-0.3480400092958007,88.87999801337719,2.392063795268226,141.5100588248389,45.35970167202649
20250718111119469882,2025-07-18 11:11:19.469882,93,-1.14979612723726,0.9482920803327816,1.714487364687332,-0.3480400092958007,33.11999925971031,2.2717297214906944,140.48596025109055,48.99966093712457
20250718111119469882,2025-07-18 11:11:19.469882,94,-1.1978997708902033,0.9920574975815558,1.7178141387952044,-0.3480400092958007,86.63999806344509,2.3173319475317493,140.36966830941543,47.841388313876855
20250718111119469882,2025-07-18 11:11:19.469882,95,-1.2458309178197022,1.03175234921656,1.7065231340688385,-0.3480400092958007,114.11999744921924,2.3513461661400483,140.36966830941543,46.532466819486565
20250718111119469882,2025-07-18 11:11:19.469882,96,-1.2935726135755663,1.071290304204786,1.6952767578196517,-0.3480400092958007,92.999997921288,2.386410758457021,140.36966830941543,45.26646528220781
20250718111119469882,2025-07-18 11:11:19.469882,97,-1.1398400439233352,0.959350265789957,1.7115243328243284,-0.3480400092958007,37.75999915599823,2.269119609022886,139.9142431868747,48.96145117766576
20250718111119469882,2025-07-18 11:11:19.469882,98,-1.1875271581824431,1.003578320718646,1.7147271435394793,-0.3480400092958007,93.87999790161848,2.314666147423509,139.79887227990346,47.80043567494912
20250718111119469882,2025-07-18 11:11:19.469882,99,-1.2350432693670326,1.0437341510431466,1.7033126199455348,-0.3480400092958007,116.11999740451574,2.348613790415165,139.79887227990346,46.48895678786086
20250718111119469882,2025-07-18 11:11:19.469882,100,-1.3282920818368011,1.1042156469242217,1.6125296003421772,-0.2783200074336491,50.519998870790005,2.3630285147586183,140.2630883830879,43.03143827742901
20250718111119469882,2025-07-18 11:11:19.469882,101,-1.1184114178913938,0.9683618637636584,1.662009364193035,-0.3480400092958007,41.999999061226845,2.22504919620376,139.1127779532472,48.32720710684002
20250718111119469882,2025-07-18 11:11:19.469882,102,-1.1662517612725318,1.0220711593740028,1.6934087829453182,-0.3480400092958007,96.87999783456326,2.2961720169995417,138.76956130533134,47.51821912372686
20250718111119469882,2025-07-18 11:11:19.469882,103,-1.2129165873996788,1.0629669372202186,1.681141255202975,-0.3480400092958007,114.23999744653702,2.3296569012534976,138.76956130533134,46.18889907398961
20250718111119469882,2025-07-18 11:11:19.469882,104,-1.259396967573754,1.103701071675738,1.6689222157125785,-0.3480400092958007,96.75999783724546,2.3642204084330043,138.76956130533134,44.902950705691474
20250718111119469882,2025-07-18 11:11:19.469882,105,-1.0619400460591415,0.9383053958269636,1.67333566748537,-0.3480400092958007,5.519999876618385,2.1927576093450902,138.53693757720075,49.7399662081996
20250718111119469882,2025-07-18 11:11:19.469882,106,-1.1081272270206275,0.9791153090372474,1.6591279872161244,-0.3480400092958007,44.75999899953604,2.222457742594752,138.53693757720075,48.29055178810867
20250718111119469882,2025-07-18 11:11:19.469882,107,-1.1543144079821133,1.0199252222475312,1.644920306946879,-0.3480400092958007,94.63999788463116,2.253542106919236,138.53693757720075,46.88024024130675
20250718111119469882,2025-07-18 11:11:19.469882,108,-1.0872274493877163,1.000321513239495,1.6534458019256026,-0.3480400092958007,45.51999898254872,2.217338421724855,137.3838816972406,48.21834911563243
20250718111119469882,2025-07-18 11:11:19.469882,109,-1.1325435193539586,1.0420153094255893,1.639001285926785,-0.3480400092958007,87.87999803572893,2.248282887800735,137.3838816972406,46.802739861445815
20250718111119469882,2025-07-18 11:11:19.469882,110,-1.0766139525858245,1.0107721515655,1.65064556182576,-0.3480400092958007,43.99999901652336,2.2148112145412986,136.8066647695228,48.18280757738773
20250718111119469882,2025-07-18 11:11:19.469882,111,-1.121487647808924,1.0529015344890702,1.636084330712402,-0.3480400092958007,78.23999825119972,2.245686559322133,136.8066647695228,46.76457751815048
20250718111119469882,2025-07-18 11:11:19.469882,112,-1.054484333046286,1.026863176427083,1.6306474894997036,-0.3480400092958007,40.51999909430742,2.1966784987233967,135.76031647643967,47.9297752504982
20250718111119469882,2025-07-18 11:11:19.469882,113,-1.0984356569772102,1.0696632396290684,1.6152527308248148,-0.3480400092958007,67.75999848544598,2.227056739997823,135.76031647643967,46.49263200946495
20250718111119469882,2025-07-18 11:11:19.469882,114,-1.0435570994958614,1.0369960226627055,1.62793240153384,-0.3480400092958007,35.999999195337296,2.1942051123106565,135.1806830892507,47.89552957314476
20250718111119469882,2025-07-18 11:11:19.469882,115,-1.0846050820446156,1.065491799093646,1.5674149309816032,-0.1391600037168245,57.759998708963394,2.183673630329607,135.50931732906227,45.87216196283698
20250718111119469882,2025-07-18 11:11:19.469882,116,-4.3625455061727685,5.336855044027392,1.073606703010494,0.0697200018621515,6.519999854266644,6.976134775585825,129.2638523851803,8.852835549559526
20250718111119469882,2025-07-18 11:11:19.469882,117,-4.168916813878757,5.350584802730036,0.780328961501455,0.0697200018621515,5.759999871253967,6.827703744334881,127.92399671115814,6.56259648907554
20250718111119469882,2025-07-18 11:11:19.469882,118,-4.236947854961351,5.510570653171539,1.0316396888057646,0.0697200018621515,4.999999888241291,7.027260952659738,127.55583473092976,8.441838544255141
20250718111119525842,2025-07-18 11:11:19.525842,1,-1.5121059136500934,0.4251144429002018,1.5146654008952003,0.0697200018621515,27.119999393820763,2.18206275352634,164.29716824230098,43.95903087409624
20250718111119525842,2025-07-18 11:11:19.525842,2,-1.570051578224276,0.4414053248361583,1.4960668122433742,0.0697200018621515,25.51999942958355,2.2131688877657543,164.29716824230098,42.53061207157035
20250718111119525842,2025-07-18 11:11:19.525842,3,-1.6287903867615974,0.3875623604839314,1.4250020409403672,0.0697200018621515,19.63999956101179,2.1985889847707054,166.6156543238838,40.40180569321341
20250718111119525842,2025-07-18 11:11:19.525842,4,-1.6864027935994197,0.4741163814218491,1.4587220270932786,0.0697200018621515,9.63999978452921,2.2796075709910246,164.29716824230098,39.78440052094721
20250718111119525842,2025-07-18 11:11:19.525842,5,-1.491514589671974,0.691460797342989,2.0015656562807247,-0.3480400092958007,30.23999932408333,2.590173523505529,155.12773064911383,50.60179877097852
20250718111119525842,2025-07-18 11:11:19.525842,6,-1.5526438445719986,0.4866530998064473,1.48394270748078,0.0697200018621515,28.11999937146902,2.202185302540167,162.59717703566864,42.36491462938592
20250718111119525842,2025-07-18 11:11:19.525842,7,-1.606566032173976,0.450072980504128,1.4082523707875867,0.0697200018621515,21.51999951899052,2.183299073270532,164.3499990247946,40.16651574697028
20250718111119525842,2025-07-18 11:11:19.525842,8,-1.6677050316477795,0.5227173160486943,1.4456994459086174,0.0697200018621515,10.359999768435957,2.268153511775813,162.59717703566864,39.59750792466373
20250718111119525842,2025-07-18 11:11:19.525842,9,-1.4201940982520551,0.691599363287149,2.0592439352281207,-0.4174800111504737,22.11999950557947,2.5953316822292587,154.0350645111562,52.50830087420989
20250718111119525842,2025-07-18 11:11:19.525842,10,-1.4778672945769036,0.7201437793087349,1.9938800744264864,-0.3480400092958007,33.7599992454052,2.5842322949866747,154.02068236492929,50.49382758705418
20250718111119525842,2025-07-18 11:11:19.525842,11,-1.5338388363223805,0.5313761530940923,1.4719592014693017,0.0697200018621515,30.999999307096004,2.191274990200457,160.89210079058026,42.20122384456595
20250718111119525842,2025-07-18 11:11:19.525842,12,-1.5906726420619182,0.5510653983683755,1.4523935421212837,0.0697200018621515,23.51999947428704,2.2233667103468893,160.89210079058026,40.78638188031759
20250718111119525842,2025-07-18 11:11:19.525842,13,-1.6475064478014556,0.5707546436426585,1.4328278827732657,0.0697200018621515,11.239999748766422,2.2567751550474733,160.89210079058026,39.41261197863128
20250718111119525842,2025-07-18 11:11:19.525842,14,-1.706588398544831,0.6890938522443791,1.5413426060656878,-0.2783200074336491,5.239999882876873,2.400631443708545,158.01190994199033,39.94538830940959
20250718111119525842,2025-07-18 11:11:19.525842,15,-1.406856934900217,0.71890748900526,2.051926744995145,-0.4174800111504737,24.51999945193529,2.5896868111513123,152.93285147745812,52.40524748900063
20250718111119525842,2025-07-18 11:11:19.525842,16,-1.4615568117428348,0.7482991289513462,1.9185361650489936,-0.3480400092958007,37.75999915599823,2.525248684177882,152.8881113664327,49.44141236856474
20250718111119525842,2025-07-18 11:11:19.525842,17,-1.5205342063500873,0.5608801139569084,1.4640536389825904,0.0697200018621515,34.23999923467636,2.1840475802351857,159.7524733326505,42.09328274317053
20250718111119525842,2025-07-18 11:11:19.525842,18,-1.5768750315121514,0.5816625786363312,1.444195052377815,0.0697200018621515,25.63999942690134,2.215979595958608,159.7524733326505,40.67130031553651
20250718111119525842,2025-07-18 11:11:19.525842,19,-1.625825219421734,0.6181851338532621,1.420118921224722,0.0697200018621515,12.23999972641468,2.2454839688239536,159.18176820331269,39.22987882277665
20250718111119525842,2025-07-18 11:11:19.525842,20,-1.6822943366945755,0.738198674407118,1.528185008622708,-0.2783200074336491,5.759999871253967,2.389644521419505,156.30790780264425,39.75477468491858
20250718111119525842,2025-07-18 11:11:19.525842,21,-1.3857978110852562,0.7593729832041491,2.0410840485032264,-0.4174800111504737,27.23999939113856,2.58129947775987,151.27866468364542,52.25280864211718
20250718111119525842,2025-07-18 11:11:19.525842,22,-1.4463877853692473,0.7763886525248533,1.9110095998916976,-0.3480400092958007,42.11999905854464,2.5192805830857625,151.77409020374498,49.33686037311952
20250718111119525842,2025-07-18 11:11:19.525842,23,-1.499438628403081,0.6046394413142123,1.4523283625558716,0.0697200018621515,37.75999915599823,2.1732838579035865,158.03854556646044,41.93325586265618
20250718111119525842,2025-07-18 11:11:19.525842,24,-1.554997792577946,0.6270433339112388,1.4320353156499894,0.0697200018621515,27.99999937415123,2.2049776921305964,158.03854556646044,40.50057603926092
20250718111119525842,2025-07-18 11:11:19.525842,25,-1.6105569567528113,0.6494472265082651,1.411742268744107,0.0697200018621515,13.23999970406294,2.23801064437212,158.03854556646044,39.10933983554834
20250718111119525842,2025-07-18 11:11:19.525842,26,-1.665255805553406,0.7705346029277491,1.5195206226890945,-0.2783200074336491,6.359999857842922,2.382381874304748,155.16943167791544,39.629135783291865
20250718111119525842,2025-07-18 11:11:19.525842,27,-1.3706415805589738,0.7868545297166375,1.968816565652908,-0.4174800111504737,30.23999932408333,2.5246855373456127,150.1408350122968,51.24468828042604
20250718111119525842,2025-07-18 11:11:19.525842,28,-1.4306402231922872,0.8041795348368436,1.9035630554192515,-0.3480400092958007,47.11999894678593,2.513361987144541,150.659152007077,49.23351972194409
20250718111119525842,2025-07-18 11:11:19.525842,29,-1.4846240246610696,0.6334642333413064,1.4446047828102169,0.0697200018621515,41.63999906927347,2.166164446214016,156.89286836093063,41.82788869186412
20250718111119525842,2025-07-18 11:11:19.525842,30,-1.5396342587324303,0.6569361798901276,1.424025551710478,0.0697200018621515,30.63999931514263,2.19770051804961,156.89286836093063,40.38809123644136
20250718111119525842,2025-07-18 11:11:19.525842,31,-1.5946444928037908,0.6804081264389488,1.4034463206107397,0.0697200018621515,14.239999681711195,2.230584643493594,156.89286836093063,38.98988409984865
20250718111119525842,2025-07-18 11:11:19.525842,32,-1.6475511943229046,0.8025349272839695,1.5109461616203113,-0.2783200074336491,6.999999843537808,2.375172741242344,154.0289287414661,39.50470550041179
20250718111119525842,2025-07-18 11:11:19.525842,33,-1.30549345709266,0.7676673062083262,1.904186591637873,-0.4174800111504737,11.359999746084211,2.4330131186054778,149.54326016980943,51.50343046555491
20250718111119525842,2025-07-18 11:11:19.525842,34,-1.3550062062976662,0.8131831426613346,1.961761835076545,-0.4174800111504737,33.7599992454052,2.5190907367891,149.03066538178442,51.14699099615258
20250718111119525842,2025-07-18 11:11:19.525842,35,-1.4143204240265783,0.8316606599054289,1.8961995101500253,-0.3480400092958007,52.7599988207221,2.507495622597625,149.54326016980943,49.131427602008216
20250718111119525842,2025-07-18 11:11:19.525842,36,-1.4692155911304623,0.6619970835209612,1.43695942864682,0.0697200018621515,45.99999897181988,2.159094020969927,155.7446926405961,41.72362362820969
20250718111119525842,2025-07-18 11:11:19.525842,37,-1.5236548917391337,0.6865262666098311,1.416096911869967,0.0697200018621515,33.359999254345894,2.1904732382920087,155.7446926405961,40.27672389982831
20250718111119525842,2025-07-18 11:11:19.525842,38,-1.5695819122540526,0.7262576842555403,1.3911609686204598,0.0697200018621515,15.239999659359457,2.219541944597652,155.16965466878807,38.81283731335434
20250718111119525842,2025-07-18 11:11:19.525842,39,-1.6291875846111894,0.8341868477732739,1.502465055086308,-0.2783200074336491,7.639999829232693,2.368020507640222,152.88636088376987,39.38153423924983
20250718111119525842,2025-07-18 11:11:19.525842,40,-1.289907228943672,0.7927377868583068,1.8974689765938508,-0.4174800111504737,12.359999723732471,2.427484783707256,148.4263798374775,51.41286190268601
20250718111119525842,2025-07-18 11:11:19.525842,41,-1.3388288476445764,0.839204457966309,1.9547894446545813,-0.4174800111504737,37.63999915868044,2.5135490006142307,147.9196988491362,51.05055583268791
20250718111119525842,2025-07-18 11:11:19.525842,42,-1.39156515973177,0.8569683596743137,1.821428183959618,-0.3480400092958007,58.999998681247234,2.447130767365042,148.37396868716672,48.10001748288893
20250718111119525842,2025-07-18 11:11:19.525842,43,-1.4450030562534957,0.7042240354703674,1.425644750973149,0.0697200018621515,50.75999886542559,2.1485875082698875,154.01765334697848,41.56938161080537
20250718111119525842,2025-07-18 11:11:19.525842,44,-1.498545202303896,0.7303178668959684,1.4043629879380295,0.0697200018621515,36.35999918729067,2.1797333121154367,154.01765334697848,40.111865344205206
20250718111119525842,2025-07-18 11:11:19.525842,45,-1.5520873483542963,0.7564116983215693,1.3830812249029107,0.0697200018621515,16.239999637007713,2.21224941382253,154.01765334697848,38.69630068857639
20250718111119525842,2025-07-18 11:11:19.525842,46,-1.6121853367527528,0.831032586443843,1.445108853479088,-0.2783200074336491,8.239999815821648,2.3190722968842032,152.73026921191538,38.54586592134215
20250718111119525842,2025-07-18 11:11:19.525842,47,-1.2738050551247035,0.8175021708532928,1.89083337990134,-0.4174800111504737,13.639999695122242,2.422011558263135,147.30847796047723,51.32353633083565
20250718111119525842,2025-07-18 11:11:19.525842,48,-1.32211597532718,0.8649080674528504,1.9479021832500976,-0.4174800111504737,41.999999061226845,2.508062904488414,146.8079015594486,50.95541632437487
20250718111119525842,2025-07-18 11:11:19.525842,49,-1.3827558713372814,0.870367412705413,1.817837918520593,-0.3480400092958007,65.87999852746725,2.444194740774253,147.81188232922338,48.05072609715906
20250718111119525842,2025-07-18 11:11:19.525842,50,-1.428137525603956,0.7319773668729787,1.4182082682365458,0.0697200018621515,55.87999875098467,2.1416541153386537,152.86305296152955,41.46804931424412
20250718111119525842,2025-07-18 11:11:19.525842,51,-1.4810547479205642,0.7590995510878094,1.3966509589020184,0.0697200018621515,39.51999911665917,2.1726456673377936,152.86305296152955,40.003485449919125
20250718111119525842,2025-07-18 11:11:19.525842,52,-1.5339719702371724,0.7862217353026402,1.3750936495674908,0.0697200018621515,16.99999962002039,2.205016364478152,152.86305296152955,38.58101533823982
20250718111119525842,2025-07-18 11:11:19.525842,53,-1.5929375279333646,0.8619927272776805,1.4368131087451073,-0.2783200074336491,8.759999804198742,2.311906862146452,151.58067098757226,38.42458469164916
20250718111119525842,2025-07-18 11:11:19.525842,54,-1.2571933762903025,0.8419505527703164,1.8842824557104256,-0.4174800111504737,14.999999664723871,2.416596013320506,146.189523345,51.235484181064216
20250718111119525842,2025-07-18 11:11:19.525842,55,-1.3135608022890888,0.8776375145934752,1.9444913381686724,-0.4174800111504737,46.879998952150345,2.50534152413302,146.2516812905954,50.9083427737306
20250718111119525842,2025-07-18 11:11:19.525842,56,-1.3647233660111124,0.8969069082934179,1.810726682110258,-0.3480400092958007,73.35999836027622,2.438368919008602,146.68676855323858,47.9531559742403
20250718111119525842,2025-07-18 11:11:19.525842,57,-1.41070075901129,0.7593993524899905,1.4108605693356098,0.0697200018621515,61.519998624920845,2.134781383220129,151.70581730260196,41.36795988997976
20250718111119525842,2025-07-18 11:11:19.525842,58,-1.4629718914116792,0.787537612035973,1.3890310034366509,0.0697200018621515,42.75999904423952,2.1656198590565743,151.70581730260196,39.89637701790603
20250718111119525842,2025-07-18 11:11:19.525842,59,-1.5179105527004746,0.8564716390556062,1.4306789527512365,-0.2783200074336491,17.879999600350857,2.254869925372954,150.56640458704962,39.38172628211663
20250718111119525842,2025-07-18 11:11:19.525842,60,-1.5730525653701686,0.8925748619743521,1.4286186504503142,-0.2783200074336491,9.239999793469906,2.3048070431297885,150.4287392183348,38.30467479324016
20250718111119525842,2025-07-18 11:11:19.525842,61,-1.240078836890219,0.8660731535830218,1.8778188243033231,-0.4174800111504737,16.519999630749226,2.411240710913814,145.06948670208462,51.14873531728245
20250718111119525842,2025-07-18 11:11:19.525842,62,-1.29176581312304,0.902171425058558,1.8727262645914189,-0.4174800111504737,52.23999883234501,2.447381428841068,145.06948670208462,49.9244243674042
20250718111119525842,2025-07-18 11:11:19.525842,63,-1.3466836450374025,0.906439068312302,1.7401007264880288,-0.3480400092958007,81.51999817788601,2.3797351034722887,146.0559039628444,46.98844482615102
20250718111119525842,2025-07-18 11:11:19.525842,64,-1.3926997309493356,0.7864790238932676,1.4036045932518015,0.0697200018621515,67.5199984908104,2.1279726619033466,150.54591261282684,41.269152461615455
20250718111119525842,2025-07-18 11:11:19.525842,65,-1.444303865678419,0.8156206748957571,1.3815061694223791,0.0697200018621515,45.99999897181988,2.158659314918204,150.54591261282684,39.79058312819901
20250718111119525842,2025-07-18 11:11:19.525842,66,-1.4981154965422618,0.8856051840662817,1.4228726428929703,-0.2783200074336491,19.119999572634697,2.2479353062128737,149.4107075887973,39.26948753992656
20250718111119525842,2025-07-18 11:11:19.525842,67,-1.5525384027827058,0.9227667580882818,1.4205287562686224,-0.2783200074336491,9.519999787211418,2.297776300977515,149.27444286514526,38.186186060034586
20250718111119525842,2025-07-18 11:11:19.525842,68,-1.174332686195615,0.8246686691716671,1.7639754427638128,-0.3480400092958007,5.119999885559082,2.273927227167696,144.92176183108975,50.87213726005109
20250718111119525842,2025-07-18 11:11:19.525842,69,-1.2249180368943005,0.8758988661319453,1.812427486142968,-0.4174800111504737,18.11999959498644,2.35637781633734,144.4326794976801,50.27836234749231
20250718111119525842,2025-07-18 11:11:19.525842,70,-1.2826576608447835,0.9146050390008168,1.8693946877765903,-0.4174800111504737,58.23999869823456,2.444657348377648,144.50905400001665,49.87904485498146
20250718111119525842,2025-07-18 11:11:19.525842,71,-1.3275591790308343,0.9322711309047418,1.7331790461775545,-0.3480400092958007,89.87999799102545,2.3739107905429737,144.92176183108975,46.894311061800266
20250718111119525842,2025-07-18 11:11:19.525842,72,-1.383489860182625,0.7998871014514833,1.4000119096980237,0.0697200018621515,73.99999834597111,2.1245933529955567,149.96494952905772,41.220241580455394
20250718111119525842,2025-07-18 11:11:19.525842,73,-1.434752738716047,0.8295255661069061,1.3777803650515092,0.0697200018621515,49.11999890208244,2.1552045889890943,149.96494952905772,39.73819247829586
20250718111119525842,2025-07-18 11:11:19.525842,74,-1.4777212141868257,0.914350516945026,1.4151703541619471,-0.2783200074336491,20.119999550282955,2.2410720617584508,148.25255470016756,39.158679031840585
20250718111119525842,2025-07-18 11:11:19.525842,75,-1.5314032455621258,0.9525563392641172,1.4125466620496965,-0.2783200074336491,9.63999978452921,2.2908180967632954,148.11775335249854,38.06916799219832
20250718111119525842,2025-07-18 11:11:19.525842,76,-5.623112822778015,4.081747858415559,1.6967407087567388,0.0697200018621515,4.999999888241291,7.15255146294823,144.02456791332355,13.722623060089903
20250718111119525842,2025-07-18 11:11:19.525842,77,-1.165697549024857,0.8359702412914637,1.7609471956411114,-0.3480400092958007,5.359999880194664,2.2712622142684804,144.35411760331877,50.83374136786228
20250718111119525842,2025-07-18 11:11:19.525842,78,-1.215910934055509,0.8876872628082297,1.8092687947735,-0.4174800111504737,19.999999552965164,2.353695317548314,143.8683339870522,50.23665385851898
20250718111119525842,2025-07-18 11:11:19.525842,79,-1.2640574858478109,0.9392052377869534,1.8628030843782,-0.4174800111504737,64.51999855786562,2.439258727028208,143.3873436812753,49.789336931246105
20250718111119525842,2025-07-18 11:11:19.525842,80,-1.3177973323684815,0.9450473279581684,1.7297556744947478,-0.3480400092958007,98.35999780148268,2.3710248743370745,144.35411760331877,46.84778045060178
20250718111119525842,2025-07-18 11:11:19.525842,81,-1.364656009982444,0.8264330364325351,1.3928989478575218,0.0697200018621515,80.63999819755554,2.117886934713677,148.80098362498154,41.12342936142872
20250718111119525842,2025-07-18 11:11:19.525842,82,-1.4152210320277805,0.8570551158434065,1.3704038444316216,0.0697200018621515,52.11999883502722,2.148348374430949,148.80098362498154,39.634450199968185
20250718111119525842,2025-07-18 11:11:19.525842,83,-1.4698985363723656,0.9350405646407032,1.4283182663463376,-0.2783200074336491,20.63999953866005,2.2527750963493527,147.5385029277315,39.34779139718557
20250718111119525842,2025-07-18 11:11:19.525842,84,-1.51791921719466,0.9606068956740186,1.391052919939591,-0.2783200074336491,9.63999978452921,2.271975480505409,147.67254900638002,37.75351709788489
20250718111119525842,2025-07-18 11:11:19.525842,85,-5.54157050192016,4.189594010557283,1.6678434193835598,0.0697200018621515,5.359999880194664,7.144466619183699,142.9096226682693,13.50000667973241
20250718111119525842,2025-07-18 11:11:19.525842,86,-5.591966524097939,4.2276949194239615,1.6648227286971486,0.0697200018621515,5.119999885559082,7.205215378900327,142.9096226682693,13.35936922561551
20250718111119525842,2025-07-18 11:11:19.525842,87,-1.1975328710154267,0.9110001164035836,1.80302213447936,-0.4174800111504737,22.11999950557947,2.348381358866634,142.73863461852957,50.15426176897731
20250718111119525842,2025-07-18 11:11:19.525842,88,-1.244951704732976,0.9634412128722272,1.85630907442632,-0.4174800111504737,70.99999841302633,2.433928326302102,142.26448674995626,49.70105633534345
20250718111119525842,2025-07-18 11:11:19.525842,89,-1.2978792925104614,0.970313665662186,1.7229855797112643,-0.3480400092958007,106.75999761372805,2.365307289886709,143.2176690385541,46.7558129033165
20250718111119525842,2025-07-18 11:11:19.525842,90,-1.345276315597841,0.8526098446212442,1.3858848932429328,0.0697200018621515,87.51999804377556,2.1112529099500468,147.6342757237497,41.02799463574512
20250718111119525842,2025-07-18 11:11:19.525842,91,-1.3961408523195722,0.923711825994404,1.4243850738592023,0.0697200018621515,54.63999877870083,2.198027673991032,146.51066399385218,40.393140640069966
20250718111119525842,2025-07-18 11:11:19.525842,92,-1.4485831294333753,0.9632318718725924,1.4207644283399752,-0.2783200074336491,20.63999953866005,2.2460588333136746,146.37817571081595,39.2391643542825
20250718111119525842,2025-07-18 11:11:19.525842,93,-1.495907449025363,0.9897191955683582,1.38325230269309,-0.2783200074336491,9.359999790787697,2.265098257257681,146.51066399385218,37.638754695206416
20250718111119525842,2025-07-18 11:11:19.525842,94,-5.499966060382782,4.242920980394696,1.6535545008808263,0.0697200018621515,5.879999868571758,7.140465502936012,142.35179145449698,13.389826242454031
20250718111119525842,2025-07-18 11:11:19.525842,95,-1.1786758108152422,0.9339532943458808,1.7968718489859932,-0.4174800111504737,24.35999945551157,2.343137611131458,141.6075733290464,50.0732591406155
20250718111119525842,2025-07-18 11:11:19.525842,96,-1.2278034846432908,0.9728808369273484,1.7884053873374686,-0.4174800111504737,77.35999827086926,2.3774760459824504,141.6075733290464,48.7837933276186
20250718111119525842,2025-07-18 11:11:19.525842,97,-1.2759094432641749,0.9769799064473962,1.6531547726528588,-0.3480400092958007,114.3599974438548,2.30550544292517,142.5582651589765,45.81117513899608
20250718111119525842,2025-07-18 11:11:19.525842,98,-1.3259093479410395,0.9165201512636107,1.4380351521926804,-0.1391600037168245,94.23999789357184,2.1600902494043,145.3462626467149,41.73829191804339
20250718111119525842,2025-07-18 11:11:19.525842,99,-1.3750386779101496,0.950480256458352,1.417212494533739,0.0697200018621515,56.63999873399735,2.191491578429762,145.3462626467149,40.292394947348434
20250718111119525842,2025-07-18 11:11:19.525842,100,-1.4266883085826971,0.9910057864508112,1.4133224303580905,-0.2783200074336491,20.119999550282955,2.2394223118426875,145.21539527053528,39.13208417227378
20250718111119525842,2025-07-18 11:11:19.525842,101,-1.1690700064318558,0.9452921301750976,1.7938336170824454,-0.4174800111504737,26.75999940186739,2.340542872302202,141.04152593260005,50.03328733613639
20250718111119525842,2025-07-18 11:11:19.525842,102,-1.2177973065351937,0.9846922799171568,1.785240520726903,-0.4174800111504737,83.3599981367588,2.3748121784212923,141.04152593260005,48.74129891992576
20250718111119525842,2025-07-18 11:11:19.525842,103,-1.2655112180605592,0.9892541277195824,1.6498659049752555,-0.3480400092958007,120.75999730080366,2.30265061975263,141.98514754961374,45.76686181758632
20250718111119525842,2025-07-18 11:11:19.525842,104,-1.315535848151093,0.9292774579576896,1.4346168421664056,-0.1391600037168245,100.51999775320292,2.15692295770304,144.763112194281,41.69168311499427
20250718111119525842,2025-07-18 11:11:19.525842,105,-1.3642808056177345,0.9637102635908612,1.413667524806725,-0.1391600037168245,57.87999870628119,2.188253975072481,144.763112194281,40.24259576243657
20250718111119525842,2025-07-18 11:11:19.525842,106,-1.19742062697505,1.008022270848163,1.7789892684975146,-0.4174800111504737,88.3599980250001,2.369541701228432,139.9083867946997,48.65743090423623
20250718111119525842,2025-07-18 11:11:19.525842,107,-1.2443361699373583,1.0134981994398922,1.6433697255365565,-0.3480400092958007,125.35999719798563,2.297001340637914,140.83756085190228,45.679380558102594
20250718111119525842,2025-07-18 11:11:19.525842,108,-1.3447323920120298,0.9962638656271134,1.4229917989205538,-0.1391600037168245,58.11999870091677,2.196759558048133,143.4665835010189,40.37357217403872
20250718111119525842,2025-07-18 11:11:19.525842,109,-1.2335614645048447,1.0254656255011556,1.6401630633879618,-0.3480400092958007,127.75999714434148,2.294207599651348,140.2630883830879,45.6362205817404
20250718111119525842,2025-07-18 11:11:19.525842,110,-1.166426726731855,1.0263165266689638,1.7086344596177592,-0.4174800111504737,93.51999790966512,2.309395730129747,138.65607075124072,47.7196730662664
20250718111119525842,2025-07-18 11:11:19.525842,111,-1.2414907574062874,1.02197296915919,1.427181332022498,-0.1391600037168245,113.63999745994806,2.1500173499046005,140.5393998024152,41.5903238108517
20250718111119525842,2025-07-18 11:11:19.525842,112,-1.0766139525858245,1.0107721515655,1.65064556182576,-0.4174800111504737,36.35999918729067,2.2148112145412986,136.8066647695228,48.18280757738773
20250718111119525842,2025-07-18 11:11:19.525842,113,-1.3922614958948587,1.235321986828292,1.3858437651219042,-0.2783200074336491,5.879999868571758,2.320554982201465,138.4180842397334,36.66988093683381
20250718111119525842,2025-07-18 11:11:19.525842,114,-1.0110895211821116,0.9883756463859158,1.659919384283275,-0.3480400092958007,6.999999843537808,2.1804863678850217,135.65085064035455,49.57549745922966
20250718111119525842,2025-07-18 11:11:19.525842,115,-4.635991468505385,5.057834391597618,0.8607353396977733,0.0697200018621515,13.999999687075617,6.914837015713892,132.50825113036746,7.1505305914537525
20250718111119525842,2025-07-18 11:11:19.525842,116,-4.678151994800563,5.103831232038819,0.8503746653966782,0.0697200018621515,8.359999813139439,6.975481087576677,132.50825113036746,7.002295360913081
20250718111119525842,2025-07-18 11:11:19.525842,117,-1.3074557241198748,0.8718144070509823,0.7256216729361666,-0.0697200018621515,5.359999880194664,1.730903707058877,146.3045550710766,24.785068993859824
20250718111119525842,2025-07-18 11:11:19.525842,118,-4.437789620035264,5.1427054967889685,0.8360300536515062,0.0697200018621515,12.879999712109566,6.844000495982211,130.79186094965164,7.0165000161840645
20250718111119525842,2025-07-18 11:11:19.525842,119,-4.239554881452953,5.204261064005246,0.7469006965571261,0.0697200018621515,6.519999854266644,6.753963241363556,129.16734434964053,6.349156038850426
20250718111119579087,2025-07-18 11:11:19.579087,1,-1.518553514535538,0.7200672363402183,1.701089184802667,-0.3480400092958007,19.239999569952488,2.3912770680143853,154.63064205959654,45.34671065678452
20250718111119579087,2025-07-18 11:11:19.579087,2,-1.5756882203881977,0.7517492807983277,1.706972678504743,-0.3480400092958007,10.639999762177467,2.441654372390283,154.4945332522252,44.35523872669573
20250718111119579087,2025-07-18 11:11:19.579087,3,-1.6319866414810114,0.7786088441427674,1.696502983216182,-0.3480400092958007,5.359999880194664,2.479462543014355,154.4945332522252,43.17445770503757
20250718111119579087,2025-07-18 11:11:19.579087,4,-1.390740566741142,0.7465184686609866,1.9144333485576648,-0.4174800111504737,14.879999667406082,2.481230379086378,151.77409020374498,50.49473600150915
20250718111119579087,2025-07-18 11:11:19.579087,5,-1.4994088600503164,0.7342889387135005,1.644413018114526,-0.3480400092958007,20.87999953329563,2.3433952609960857,153.90813246940326,44.56535870921017
20250718111119579087,2025-07-18 11:11:19.579087,6,-1.5593346609647236,0.7820322852326976,1.6988583719221653,-0.3480400092958007,11.359999746084211,2.4349987367311456,153.36547318844987,44.2414428121443
20250718111119579087,2025-07-18 11:11:19.579087,7,-1.6150487789175656,0.809973842662986,1.688098757192086,-0.3480400092958007,5.519999876618385,2.472674179530096,153.36547318844987,43.05512241287256
20250718111119579087,2025-07-18 11:11:19.579087,8,-1.320557505288501,0.7423007567608941,1.9109835380770768,-0.4174800111504737,11.879999734461308,2.438593984463828,150.659152007077,51.59521102798923
20250718111119579087,2025-07-18 11:11:19.579087,9,-1.375598864240394,0.7732401457988688,1.9072732967481645,-0.4174800111504737,16.359999634325504,2.47545227925386,150.659152007077,50.396533639129935
20250718111119579087,2025-07-18 11:11:19.579087,10,-1.4830840303668995,0.7630985674926704,1.636693501348907,-0.3480400092958007,22.75999949127436,2.3367976553814915,152.77259637045643,44.45911942134293
20250718111119579087,2025-07-18 11:11:19.579087,11,-1.5423573884955963,0.8119933278287635,1.6908303347541551,-0.3480400092958007,12.11999972909689,2.428395910721774,152.23487727277575,44.128871711684674
20250718111119579087,2025-07-18 11:11:19.579087,12,-1.5965856604515258,0.8357911733790717,1.6622280167203245,-0.3480400092958007,5.879999868571758,2.451659567767879,152.3685458927248,42.68764295384057
20250718111119579087,2025-07-18 11:11:19.579087,13,-1.2461661119148597,0.7341294096978589,1.8484503555563725,-0.4174800111504737,7.239999838173389,2.347050209438393,149.4972191177993,51.95836761730994
20250718111119579087,2025-07-18 11:11:19.579087,14,-1.30549345709266,0.7676673062083262,1.904186591637873,-0.4174800111504737,13.23999970406294,2.4330131186054778,149.54326016980943,51.50343046555491
20250718111119579087,2025-07-18 11:11:19.579087,15,-1.3599069405596194,0.7996639830568777,1.9001930508939493,-0.4174800111504737,18.23999959230423,2.469725289064812,149.54326016980943,50.299546468052135
20250718111119579087,2025-07-18 11:11:19.579087,16,-1.4160207261020763,0.7815980669353229,1.705507178765826,-0.2088800055789761,13.999999687075617,2.3504818594938044,151.1027095892468,46.518696575484825
20250718111119579087,2025-07-18 11:11:19.579087,17,-1.4661659868720436,0.7915870840777773,1.6290600263363668,-0.3480400092958007,24.879999443888664,2.330255218242473,151.63526683897865,44.35410562795648
20250718111119579087,2025-07-18 11:11:19.579087,18,-1.5247631936631394,0.8416204245694985,1.6828917781083963,-0.3480400092958007,12.879999712109566,2.4218489780800123,151.1027095892468,44.017568688747176
20250718111119579087,2025-07-18 11:11:19.579087,19,-1.5783728652937896,0.8664599393667042,1.6540103456410793,-0.3480400092958007,6.359999857842922,2.4449466153498736,151.23507621454127,42.5708684410825
20250718111119579087,2025-07-18 11:11:19.579087,20,-1.230951115291926,0.7580573218104445,1.8420388908292424,-0.4174800111504737,7.999999821186066,2.341580412182397,148.37396868716672,51.87491530853786
20250718111119579087,2025-07-18 11:11:19.579087,21,-1.289907228943672,0.7927377868583068,1.8974689765938508,-0.4174800111504737,14.999999664723871,2.427484783707256,148.4263798374775,51.41286190268601
20250718111119579087,2025-07-18 11:11:19.579087,22,-1.343671072258787,0.8257794112528952,1.8931954429988327,-0.4174800111504737,20.239999547600743,2.4640520635461023,148.4263798374775,50.20380862370574
20250718111119579087,2025-07-18 11:11:19.579087,23,-1.3991149178187676,0.8087910949975032,1.698220828856808,-0.2088800055789761,15.239999659359457,2.3442737835358267,149.9689361642666,46.4199823793028
20250718111119579087,2025-07-18 11:11:19.579087,24,-1.4486614965572735,0.8197430934425383,1.621515646364996,-0.3480400092958007,27.23999939113856,2.32377104342506,150.4961096603587,44.25035734745171
20250718111119579087,2025-07-18 11:11:19.579087,25,-1.506559113910385,0.870901725011758,1.6750458773015595,-0.3480400092958007,13.639999695122242,2.415361022580238,149.9689361642666,43.90757658408118
20250718111119579087,2025-07-18 11:11:19.579087,26,-1.556016903302731,0.8804914832026328,1.5934674502696076,-0.3480400092958007,6.8799998462200165,2.3949096789701523,150.4961096603587,41.70964016462517
20250718111119579087,2025-07-18 11:11:19.579087,27,-1.2231585923918746,0.7699098600528265,1.838863012778937,-0.4174800111504737,8.999999798834324,2.3388662455375817,147.8118823292234,51.8336384252616
20250718111119579087,2025-07-18 11:11:19.579087,28,-1.2738050551247035,0.8175021708532928,1.89083337990134,-0.4174800111504737,16.99999962002039,2.422011558263135,147.30847796047723,51.32353633083565
20250718111119579087,2025-07-18 11:11:19.579087,29,-1.3268977534684516,0.8515759845643115,1.886283272012549,-0.4174800111504737,22.63999949395657,2.4584352519276704,147.30847796047723,50.109353709083656
20250718111119579087,2025-07-18 11:11:19.579087,30,-1.381649482247964,0.8356521112787682,1.6910234412363638,-0.2088800055789761,16.759999625384808,2.338125322067148,148.83352503749808,46.322550618852446
20250718111119579087,2025-07-18 11:11:19.579087,31,-1.430577560985012,0.8475553335591196,1.6140633790860577,-0.3480400092958007,29.999999329447743,2.317348224403281,149.35509271542284,44.1479141213167
20250718111119579087,2025-07-18 11:11:19.579087,32,-1.4877524306261911,0.8998255170263013,1.667295770589217,-0.3480400092958007,14.359999679028988,2.4089351262644003,148.83352503749808,43.79893780028034
20250718111119579087,2025-07-18 11:11:19.579087,33,-1.5365928283925132,0.9103647944233426,1.5854629206527748,-0.3480400092958007,7.35999983549118,2.3882157046543315,149.35509271542284,41.595634167073214
20250718111119579087,2025-07-18 11:11:19.579087,34,-1.2076904536230173,0.7786453802069521,1.7763073458749326,-0.4174800111504737,9.999999776482582,2.284747830045812,147.18853766279727,51.028891100274
20250718111119579087,2025-07-18 11:11:19.579087,35,-1.2597127177140284,0.8278930859703538,1.825290596169292,-0.4174800111504737,19.35999956727028,2.367270338054365,146.68676855323858,50.44853032721456
20250718111119579087,2025-07-18 11:11:19.579087,36,-1.3122180418625704,0.862399997131886,1.818008639139775,-0.4174800111504737,25.51999942958355,2.4022500611779725,146.68676855323858,49.18238092237075
20250718111119579087,2025-07-18 11:11:19.579087,37,-1.3636314053307133,0.8621703717312273,1.6839178947634492,-0.2088800055789761,18.519999586045746,2.3320394155759776,147.69644633126669,46.226437171621946
20250718111119579087,2025-07-18 11:11:19.579087,38,-1.411921413488049,0.8750126799027967,1.6067062053069676,-0.3480400092958007,32.87999926507473,2.310989852428755,148.21218605725153,44.04681499927915
20250718111119579087,2025-07-18 11:11:19.579087,39,-1.467542473835513,0.9232818423399352,1.6427114789309183,-0.3480400092958007,14.999999664723871,2.3884369943369426,147.82457904562057,43.454377509721326
20250718111119579087,2025-07-18 11:11:19.579087,40,-1.5165541368660442,0.93985691189325,1.5775605315936292,-0.3480400092958007,7.879999823868275,2.381588691550454,148.21218605725153,41.48304570359889
20250718111119579087,2025-07-18 11:11:19.579087,41,-5.8319772896823645,3.896555107889077,1.7535513737797153,0.0697200018621515,4.999999888241291,7.229802434138296,146.25168129059537,14.036788506405736
20250718111119579087,2025-07-18 11:11:19.579087,42,-1.1912498119194903,0.8018181357014385,1.770098224753781,-0.4174800111504737,11.239999748766422,2.2793060703675665,146.0559039628444,50.94988643224269
20250718111119579087,2025-07-18 11:11:19.579087,43,-1.2425638817857645,0.8520640270532369,1.8188140120258327,-0.4174800111504737,22.239999502897263,2.361792225590176,145.56037644819213,50.36278667750653
20250718111119579087,2025-07-18 11:11:19.579087,44,-1.2943544356723866,0.887578392595983,1.8112621084084588,-0.4174800111504737,28.759999357163903,2.396626636233585,145.5603764481921,49.0913671867512
20250718111119579087,2025-07-18 11:11:19.579087,45,-1.3450678940572218,0.8883352694047462,1.6769070315617869,-0.2088800055789761,20.51999954134226,2.326018998846161,146.5576723182986,46.13167737423182
20250718111119579087,2025-07-18 11:11:19.579087,46,-1.4023810833488854,0.8886048301905168,1.6030641996139705,-0.3480400092958007,36.23999918997288,2.307835799023988,147.64001533982645,43.99678154221732
20250718111119579087,2025-07-18 11:11:19.579087,47,-1.4475643909379825,0.9514405504111506,1.6351663758433324,-0.3480400092958007,15.639999650418758,2.382110590121068,146.68428445309402,43.34864236768077
20250718111119579087,2025-07-18 11:11:19.579087,48,-1.5063068051084838,0.954456330494618,1.573648629169429,-0.3480400092958007,8.239999815821648,2.37830130261584,147.64001533982645,41.42729712456455
20250718111119579087,2025-07-18 11:11:19.579087,49,-5.754264661982148,4.008473339327478,1.7235629740474765,0.0697200018621515,5.239999882876873,7.221501896263899,145.13857832544244,13.808114124001133
20250718111119579087,2025-07-18 11:11:19.579087,50,-1.174332686195615,0.8246686691716671,1.7639754427638128,-0.4174800111504737,12.759999714791777,2.273927227167696,144.92176183108975,50.87213726005109
20250718111119579087,2025-07-18 11:11:19.579087,51,-1.2249180368943005,0.8758988661319453,1.812427486142968,-0.4174800111504737,25.75999942421913,2.35637781633734,144.4326794976801,50.27836234749231
20250718111119579087,2025-07-18 11:11:19.579087,52,-1.2759731049889065,0.9124066771914812,1.8046093896016449,-0.4174800111504737,32.63999927043915,2.3910684553724204,144.4326794976801,49.00172105450928
20250718111119579087,2025-07-18 11:11:19.579087,53,-1.325966373584157,0.9141363386895835,1.6699936558830553,-0.2088800055789761,22.75999949127436,2.320066999092562,145.41717748761758,46.03830601042088
20250718111119579087,2025-07-18 11:11:19.579087,54,-1.3828806803188995,0.9155092891154332,1.595855171572243,-0.3480400092958007,39.759999111294746,2.301579884142582,146.49422289796846,43.89777068230985
20250718111119579087,2025-07-18 11:11:19.579087,55,-1.4341209867220457,0.9494319385217312,1.5808802679998613,-0.3480400092958007,15.999999642372131,2.336087847704589,146.49422289796846,42.58795752764911
20250718111119579087,2025-07-18 11:11:19.579087,56,-1.4853612931251916,0.9833545879280297,1.5659053644274796,-0.3480400092958007,8.639999806880951,2.3717807712890338,146.49422289796846,41.31691918863211
20250718111119579087,2025-07-18 11:11:19.579087,57,-5.674250405242531,4.118867995301941,1.693982815130407,0.0697200018621515,5.639999873936176,7.213304998547808,144.02456791332355,13.582275428963898
20250718111119579087,2025-07-18 11:11:19.579087,58,-1.165697549024857,0.8359702412914637,1.7609471956411114,-0.4174800111504737,14.239999681711195,2.2712622142684804,144.35411760331877,50.83374136786228
20250718111119579087,2025-07-18 11:11:19.579087,59,-1.215910934055509,0.8876872628082297,1.8092687947735,-0.4174800111504737,29.879999332129955,2.353695317548314,143.8683339870522,50.23665385851898
20250718111119579087,2025-07-18 11:11:19.579087,60,-1.2665905825425012,0.9246864189022136,1.8013190427269914,-0.4174800111504737,37.239999167621136,2.3883146716415817,143.8683339870522,48.9574206609176
20250718111119579087,2025-07-18 11:11:19.579087,61,-1.3125294808907944,0.9072642480293114,1.6039265184508058,-0.2088800055789761,25.51999942958355,2.262397474041503,145.34647586888343,45.149542404325
20250718111119579087,2025-07-18 11:11:19.579087,62,-1.3615291563819998,0.9366985405929042,1.572585122891526,-0.3480400092958007,43.63999902456999,2.281269332710829,145.47298573090717,43.57840413764719
20250718111119579087,2025-07-18 11:11:19.579087,63,-1.413324399967718,0.9769370651301024,1.5735102915374326,-0.3480400092958007,16.119999639689922,2.3297696294576733,145.34647586888346,42.48468275921803
20250718111119579087,2025-07-18 11:11:19.579087,64,-1.462427479921732,1.0061141032086058,1.540910851096434,-0.3480400092958007,8.879999801516533,2.350609702552132,145.47298573090717,40.96035546456218
20250718111119579087,2025-07-18 11:11:19.579087,65,-5.591966524097939,4.2276949194239615,1.6648227286971486,0.0697200018621515,5.879999868571758,7.205215378900327,142.9096226682693,13.35936922561551
20250718111119579087,2025-07-18 11:11:19.579087,66,-1.148078443511763,0.8583203456747167,1.7549585032208674,-0.3480400092958007,15.999999642372131,2.265982629298553,143.2176690385541,50.75792239331341
20250718111119579087,2025-07-18 11:11:19.579087,67,-1.1978323565460995,0.9072986625723268,1.7883085942685772,-0.4174800111504737,34.759999223053455,2.3358169546925485,142.85787502078944,49.96067224764514
20250718111119579087,2025-07-18 11:11:19.579087,68,-1.2474465145684583,0.9489709614530248,1.7948120191619423,-0.4174800111504737,42.51999904960394,2.382859390840811,142.73863461852957,48.86988454427858
20250718111119579087,2025-07-18 11:11:19.579087,69,-1.2926910627417587,0.932429584379676,1.597183486898468,-0.2088800055789761,28.759999357163903,2.256428639319228,144.19675248945308,45.05919220821076
20250718111119579087,2025-07-18 11:11:19.579087,70,-1.340950125495716,0.9628033555094632,1.56559035881607,-0.3480400092958007,47.75999893248081,2.275128724284648,144.32162010923747,43.48247312860944
20250718111119579087,2025-07-18 11:11:19.579087,71,-1.3919625023227484,1.0040349584842587,1.5662494328966017,-0.3480400092958007,15.87999964505434,2.3235281560118914,144.19675248945308,42.38293367375015
20250718111119579087,2025-07-18 11:11:19.579087,72,-1.440323406617689,1.034153457719157,1.533397728699042,-0.3480400092958007,8.999999798834324,2.3442084984366582,144.3216201092375,40.85308870592469
20250718111119579087,2025-07-18 11:11:19.579087,73,-1.1300001219493008,0.8803256279040858,1.749062205618289,-0.3480400092958007,17.879999600350857,2.2607724533602385,142.07965693496166,50.68342060023838
20250718111119579087,2025-07-18 11:11:19.579087,74,-1.1789705804697852,0.9302575807701468,1.782156770678379,-0.4174800111504737,40.51999909430742,2.330543617156388,141.72506870204307,49.87993109034035
20250718111119579087,2025-07-18 11:11:19.579087,75,-1.2281105404135833,0.96903108454854,1.7730769787478404,-0.4174800111504737,48.63999891281128,2.3645461963898766,141.72506870204307,48.578192339521934
20250718111119579087,2025-07-18 11:11:19.579087,76,-1.2825774524194236,0.9448672795914188,1.593850816510777,-0.2088800055789761,32.35999927669764,2.2534727694803096,143.6211435480523,45.01456234058677
20250718111119579087,2025-07-18 11:11:19.579087,77,-1.3304589513692495,0.9757053778377446,1.5621332723524788,-0.3480400092958007,51.87999884039164,2.2720876669289685,143.74516867142995,43.43507163136098
20250718111119579087,2025-07-18 11:11:19.579087,78,-1.381072223324504,1.0174277990855896,1.5626608320731163,-0.3480400092958007,15.359999656677246,2.320437176155838,143.6211435480523,42.332643797105135
20250718111119579087,2025-07-18 11:11:19.579087,79,-1.4290547670389688,1.048011605310782,1.5296844492432746,-0.3480400092958007,8.999999798834324,2.34103830945151,143.74516867142995,40.80005765025309
20250718111119579087,2025-07-18 11:11:19.579087,80,-1.120622887723168,0.8872985225938858,1.732140076321577,-0.3480400092958007,19.759999558329586,2.245752339125048,141.62815437367055,50.47042281426831
20250718111119579087,2025-07-18 11:11:19.579087,81,-1.1695378059396906,0.9299571879449464,1.73510866789915,-0.3480400092958007,46.999998949468136,2.289812468380645,141.5100588248389,49.26636774757488
20250718111119579087,2025-07-18 11:11:19.579087,82,-1.2182846041114768,0.968718171231614,1.724067892442558,-0.4174800111504737,55.519998759031296,2.322723050568169,141.5100588248389,47.92441854102132
20250718111119579087,2025-07-18 11:11:19.579087,83,-1.261966485940779,0.969446505416896,1.5872648328002583,-0.2088800055789761,36.75999917834997,2.2476199829924948,142.4684203151922,44.926413549259415
20250718111119579087,2025-07-18 11:11:19.579087,84,-1.309078531187876,1.001202201406212,1.555301419067749,-0.3480400092958007,55.75999875366688,2.26606596397188,142.59071775329394,43.34141930023439
20250718111119579087,2025-07-18 11:11:19.579087,85,-1.3588784499614748,1.043894571906484,1.5555690816694996,-0.3480400092958007,14.6399996727705,2.314316678173411,142.4684203151922,42.23325815213869
20250718111119579087,2025-07-18 11:11:19.579087,86,-1.1018721700393974,0.9087668914820082,1.7263876442151913,-0.3480400092958007,21.51999951899052,2.2406235382723447,140.48596025109055,50.39829651057571
20250718111119579087,2025-07-18 11:11:19.579087,87,-1.1499686239607043,0.9523626459465512,1.7291051435215707,-0.3480400092958007,53.75999879837036,2.2845627684178744,140.36966830941543,49.18857976073672
20250718111119579087,2025-07-18 11:11:19.579087,88,-1.1978997708902033,0.9920574975815558,1.7178141387952044,-0.4174800111504737,62.759998597204685,2.3173319475317493,140.36966830941543,47.841388313876855
20250718111119579087,2025-07-18 11:11:19.579087,89,-1.2514711908638507,0.98158557812864,1.5840121780702838,-0.2088800055789761,41.51999907195568,2.244723806847356,141.89130217257323,44.88290270426252
20250718111119579087,2025-07-18 11:11:19.579087,90,-1.0923310602145042,0.9193641673970642,1.7235481126917822,-0.3480400092958007,22.99999948590994,2.238087512624661,139.9142431868747,50.36274598063298
20250718111119579087,2025-07-18 11:11:19.579087,91,-1.140011046997854,0.9634224903941454,1.726141667133424,-0.3480400092958007,60.35999865084887,2.2819669448282016,139.79887227990346,49.15022443979407
20250718111119579087,2025-07-18 11:11:19.579087,92,-1.1875271581824431,1.003578320718646,1.7147271435394793,-0.4174800111504737,70.23999843001366,2.314666147423509,139.79887227990346,47.80043567494912
20250718111119579087,2025-07-18 11:11:19.579087,93,-1.2301062245334011,1.0055565737860228,1.5775891691421182,-0.2088800055789761,46.879998952150345,2.2389937323080256,140.7355444489423,44.797028021844
20250718111119579087,2025-07-18 11:11:19.579087,94,-1.1195869351453849,0.981175381527787,1.705676310687661,-0.3480400092958007,65.63999853283167,2.2639592998783136,138.76956130533134,48.88612180225791
20250718111119579087,2025-07-18 11:11:19.579087,95,-1.166426726731855,1.0263165266689638,1.7086344596177592,-0.3480400092958007,76.99999827891588,2.309395730129747,138.65607075124072,47.7196730662664
20250718111119579087,2025-07-18 11:11:19.579087,96,-1.0619400460591415,0.9383053958269636,1.67333566748537,-0.3480400092958007,24.35999945551157,2.1927576093450902,138.53693757720075,49.7399662081996
20250718111119579087,2025-07-18 11:11:19.579087,97,-1.1092919349752688,0.9919401293151529,1.7027919052113116,-0.3480400092958007,68.63999846577644,2.261409757120568,138.19659385478633,48.84900834866304
20250718111119579087,2025-07-18 11:11:19.579087,98,-1.155527661424815,1.0332845861053888,1.6904041543082575,-0.3480400092958007,81.99999816715717,2.293553447623033,138.19659385478633,47.478527346065206
20250718111119579087,2025-07-18 11:11:19.579087,99,-1.2375346564497482,1.0581058675961958,1.4873897934637723,-0.3480400092958007,63.35999858379364,2.205313685319142,139.4691900856924,42.41201636588294
20250718111119579087,2025-07-18 11:11:19.579087,100,-1.0872274493877163,1.000321513239495,1.6534458019256026,-0.3480400092958007,68.35999847203493,2.217338421724855,137.3838816972406,48.21834911563243
20250718111119579087,2025-07-18 11:11:19.579087,101,-1.1325435193539586,1.0420153094255893,1.639001285926785,-0.3480400092958007,84.51999811083078,2.248282887800735,137.3838816972406,46.802739861445815
20250718111119579087,2025-07-18 11:11:19.579087,102,-1.0766139525858245,1.0107721515655,1.65064556182576,-0.3480400092958007,65.11999854445457,2.2148112145412986,136.8066647695228,48.18280757738773
20250718111119579087,2025-07-18 11:11:19.579087,103,-1.0550650496089768,1.0313632754963913,1.6451281867972285,-0.3480400092958007,59.63999866694212,2.20982334496307,135.65085064035458,48.11285832653248
20250718111119579087,2025-07-18 11:11:19.579087,104,-1.1504152588234542,1.0807991578511784,1.540484854003159,-0.3480400092958007,67.11999849975109,2.2056009776835848,136.78710533560755,44.302156713026
20250718111119579087,2025-07-18 11:11:19.579087,105,-1.325530014522391,1.0743348258993282,1.0354403971798545,-0.3480400092958007,5.239999882876873,1.995836154009603,140.97542243026706,31.251812406433
20250718111119579087,2025-07-18 11:11:19.579087,106,-1.331129018303312,0.9387473596507055,0.7998375598506733,-0.1391600037168245,5.519999876618385,1.814632522239197,144.80749829264053,26.153090241892457
20250718111119579087,2025-07-18 11:11:19.579087,107,-4.616393308168397,5.211139901579292,1.1118719168839513,0.0697200018621515,11.239999748766422,7.050058539408661,131.53677492520328,9.074060474772551
20250718111119579087,2025-07-18 11:11:19.579087,108,-4.425124177099173,5.2329050434016615,0.8138252999284896,0.0697200018621515,12.879999712109566,6.901255740429409,130.21900759435235,6.772319345993728
20250718111119579087,2025-07-18 11:11:19.579087,109,-4.277754586922622,5.268993504303612,0.802191284024222,0.0697200018621515,10.759999759495258,6.834104748282369,129.07221975339954,6.740953277049887
20250718111119579087,2025-07-18 11:11:19.579087,110,-4.13065599645534,5.301479061986004,0.7915226631280423,0.0697200018621515,5.639999873936176,6.767163906096392,127.92399671115814,6.716987649718847
20250718111119630604,2025-07-18 11:11:19.630604,1,-1.5336209556958775,0.74683543452865,2.0639755795884245,-0.4174800111504737,16.639999628067017,2.677639183152672,154.0350645111562,50.42750558175064
20250718111119630604,2025-07-18 11:11:19.630604,2,-1.5933231946619426,0.7403677268749101,1.783292393885324,-0.3480400092958007,9.63999978452921,2.5033886905023177,155.07717255800802,45.42655371788531
20250718111119630604,2025-07-18 11:11:19.630604,3,-1.519716840028996,0.7772429906345986,1.985740391222862,-0.3480400092958007,17.879999600350857,2.6185512868172465,152.91301046731877,49.31767789398865
20250718111119630604,2025-07-18 11:11:19.630604,4,-1.5756882203881977,0.7517492807983277,1.706972678504743,-0.3480400092958007,10.239999771118164,2.441654372390283,154.4945332522252,44.35523872669573
20250718111119630604,2025-07-18 11:11:19.630604,5,-1.4414736203107503,0.6324883237882007,1.5258179896221713,-0.2783200074336491,14.51999967545271,2.192260982464185,156.30914392251478,44.10711612293003
20250718111119630604,2025-07-18 11:11:19.630604,6,-1.5043249183302811,0.8064539640290236,1.9779133344916984,-0.4174800111504737,19.119999572634697,2.612566289066672,151.80467361665788,49.2071686349071
20250718111119630604,2025-07-18 11:11:19.630604,7,-1.5593346609647236,0.7820322852326976,1.6988583719221653,-0.3480400092958007,10.759999759495258,2.4349987367311456,153.36547318844987,44.2414428121443
20250718111119630604,2025-07-18 11:11:19.630604,8,-1.426513030898389,0.6601918703852193,1.5183948466840222,-0.2783200074336491,15.519999653100967,2.185478355756981,155.16524618986904,44.00852931156998
20250718111119630604,2025-07-18 11:11:19.630604,9,-1.480110819556646,0.8496983597825718,1.966326033572364,-0.4174800111504737,20.359999544918537,2.6036807429272626,150.1408350122968,49.04373255164799
20250718111119630604,2025-07-18 11:11:19.630604,10,-1.5423573884955963,0.8119933278287635,1.6908303347541551,-0.3480400092958007,11.239999748766422,2.428395910721774,152.23487727277575,44.128871711684674
20250718111119630604,2025-07-18 11:11:19.630604,11,-1.410981855319095,0.6876008793378888,1.511050624869817,-0.2783200074336491,16.639999628067017,2.178747061093926,154.01906045664947,43.91107513475274
20250718111119630604,2025-07-18 11:11:19.630604,12,-1.4685188344363562,0.8635308676755274,1.892221754152125,-0.3480400092958007,21.639999516308308,2.5461218143304354,149.54326016980943,48.00284194460112
20250718111119630604,2025-07-18 11:11:19.630604,13,-1.5247631936631394,0.8416204245694985,1.6828917781083963,-0.3480400092958007,11.759999737143517,2.4218489780800123,151.1027095892468,44.017568688747176
20250718111119630604,2025-07-18 11:11:19.630604,14,-1.2314436763214058,0.7433023904845514,1.7857774714291512,-0.2783200074336491,6.999999843537808,2.293022710117787,148.8847171399885,51.149695609976725
20250718111119630604,2025-07-18 11:11:19.630604,15,-1.2850031141947624,0.7756309971190005,1.7764602461019336,-0.2783200074336491,7.239999838173389,2.3256498990954326,148.8847171399885,49.80527100955389
20250718111119630604,2025-07-18 11:11:19.630604,16,-1.3452864393807888,0.7776742843170945,1.709831250131021,-0.2783200074336491,8.759999804198742,2.3104319510417435,149.9689361642666,47.73553061227514
20250718111119630604,2025-07-18 11:11:19.630604,17,-1.394886305835742,0.7147043874085669,1.5037882617702285,-0.2783200074336491,17.879999600350857,2.1720702805910914,152.87054854497634,43.814790490080746
20250718111119630604,2025-07-18 11:11:19.630604,18,-1.45106102011552,0.7844160033910232,1.560724771554132,-0.3480400092958007,22.99999948590994,2.2708474988464853,151.60518705144185,43.41576125726249
20250718111119630604,2025-07-18 11:11:19.630604,19,-1.5023391999300024,0.8501172883225856,1.6074915483173018,-0.3480400092958007,12.11999972909689,2.358760596894653,150.4961096603587,42.96084374419403
20250718111119630604,2025-07-18 11:11:19.630604,20,-1.2236480352690131,0.7551596714810249,1.7826003225617173,-0.2783200074336491,7.759999826550484,2.290249888908672,148.31968883067353,51.10912549172589
20250718111119630604,2025-07-18 11:11:19.630604,21,-1.2768684156924377,0.7880039893226441,1.7731449128330108,-0.2783200074336491,8.119999818503857,2.322797046684644,148.31968883067353,49.76186616020856
20250718111119630604,2025-07-18 11:11:19.630604,22,-1.3284929556347138,0.8035018703795089,1.702910769303152,-0.2783200074336491,9.519999787211418,2.3044335262886366,148.83352503749808,47.64387927220108
20250718111119630604,2025-07-18 11:11:19.630604,23,-1.378232820453232,0.7414915535558849,1.4966106622335362,-0.2783200074336491,19.119999572634697,2.165451201408218,151.71967447994209,43.71971174119054
20250718111119630604,2025-07-18 11:11:19.630604,24,-1.4333443703770643,0.8122781481142262,1.5532591323761509,-0.3480400092958007,24.35999945551157,2.26426275116326,150.45971482637418,43.31342887901114
20250718111119630604,2025-07-18 11:11:19.630604,25,-1.4835851946887626,0.8789600639912312,1.5997631498694165,-0.3480400092958007,12.519999720156193,2.352198537468995,149.35509271542284,42.8525518405167
20250718111119630604,2025-07-18 11:11:19.630604,26,-1.5395646766762434,0.8724733360090413,1.5201526767496616,-0.3480400092958007,4.999999888241291,2.332880896305067,150.45971482637418,40.6638813551901
20250718111119630604,2025-07-18 11:11:19.630604,27,-1.2076904536230173,0.7786453802069521,1.7763073458749326,-0.3480400092958007,8.51999980956316,2.284747830045812,147.18853766279727,51.028891100274
20250718111119630604,2025-07-18 11:11:19.630604,28,-1.2602167876038706,0.8125111668998107,1.7665782343924428,-0.2783200074336491,9.119999796152117,2.317136035351535,147.18853766279727,49.67599593429737
20250718111119630604,2025-07-18 11:11:19.630604,29,-1.3111680924431417,0.8289998875390132,1.696078596196668,-0.2783200074336491,10.519999764859676,2.298496287718809,147.69644633126669,47.55350538813571
20250718111119630604,2025-07-18 11:11:19.630604,30,-1.361028060343376,0.7679516632710209,1.4895206972037267,-0.2783200074336491,20.359999544918537,2.158893013921962,150.5664045870496,43.62587470239189
20250718111119630604,2025-07-18 11:11:19.630604,31,-1.4150544020270897,0.8397924840282096,1.5458866882877202,-0.3480400092958007,25.63999942690134,2.257741355858037,149.3121357343347,43.212407768493705
20250718111119630604,2025-07-18 11:11:19.630604,32,-1.4642377751770466,0.9074347958980232,1.5921333684502983,-0.3480400092958007,12.639999717473984,2.345702204883392,148.21218605725153,42.74564145370103
20250718111119630604,2025-07-18 11:11:19.630604,33,-1.519919300595588,0.9020266663536743,1.5122338857501672,-0.3480400092958007,5.239999882876873,2.3260821379192853,149.3121357343347,40.55069426025521
20250718111119630604,2025-07-18 11:11:19.630604,34,-5.828346932191674,3.757763754263325,0.9204531753046208,0.0697200018621515,5.639999873936176,6.995545042580432,147.18853766279727,7.560733474513151
20250718111119630604,2025-07-18 11:11:19.630604,35,-1.1912498119194903,0.8018181357014385,1.770098224753781,-0.3480400092958007,9.519999787211418,2.2793060703675665,146.0559039628444,50.94988643224269
20250718111119630604,2025-07-18 11:11:19.630604,36,-1.2430610896254612,0.8366917799050596,1.760099058665197,-0.2783200074336491,10.239999771118164,2.3115368704426174,146.0559039628444,49.59140277671102
20250718111119630604,2025-07-18 11:11:19.630604,37,-1.2933187795200445,0.8541581369291681,1.6893374635895952,-0.3480400092958007,11.519999742507936,2.292623094673185,146.5576723182986,47.46444114902249
20250718111119630604,2025-07-18 11:11:19.630604,38,-1.3456560612493838,0.7998041651757664,1.497745762649593,-0.2783200074336491,21.7599995136261,2.166499320873312,149.27444286514526,43.73474249312573
20250718111119630604,2025-07-18 11:11:19.630604,39,-1.396198430808746,0.8669480057659531,1.5386103881680462,-0.3480400092958007,26.75999940186739,2.2512864832075445,148.16242061989763,43.1127367621494
20250718111119630604,2025-07-18 11:11:19.630604,40,-1.4543439442286843,0.9215305803425672,1.5883564143916995,-0.3480400092958007,12.759999714791777,2.3424796728595987,147.64001533982645,42.69271741068213
20250718111119630604,2025-07-18 11:11:19.630604,41,-1.497630404104108,0.9251448832929582,1.487230376322553,-0.3480400092958007,5.519999876618385,2.304483472415608,148.29475247372224,40.19296281240006
20250718111119630604,2025-07-18 11:11:19.630604,42,-5.749003948773571,3.869596101692708,0.8904877881232411,0.0697200018621515,5.759999871253967,6.986972799005742,146.0559039628444,7.322246630674341
20250718111119630604,2025-07-18 11:11:19.630604,43,-1.1741565348325418,0.8207809663203163,1.7499634018075718,-0.3480400092958007,10.519999764859676,2.261569559095984,145.0449583289061,50.694798030709066
20250718111119630604,2025-07-18 11:11:19.630604,44,-1.225408183807355,0.8605361564160254,1.75370997723506,-0.3480400092958007,11.639999739825726,2.306002250149618,144.92176183108975,49.50811548902634
20250718111119630604,2025-07-18 11:11:19.630604,45,-1.2749521563522848,0.8789665555861067,1.6826900678449754,-0.3480400092958007,12.759999714791777,2.2868167987948604,145.41717748761758,47.376718158897454
20250718111119630604,2025-07-18 11:11:19.630604,46,-1.327337253567489,0.8256241580335882,1.4908273164147623,-0.2783200074336491,23.11999948322773,2.160103127724507,148.11775335249854,43.64316198286699
20250718111119630604,2025-07-18 11:11:19.630604,47,-1.3767839988587742,0.8937338514813157,1.53143314244003,-0.3480400092958007,27.759999379515648,2.24490129995974,147.01054272090323,43.01445417886152
20250718111119630604,2025-07-18 11:11:19.630604,48,-1.4277984030344142,0.92684964884874,1.5140711894577992,-0.3480400092958007,12.639999717473984,2.2781725391253422,147.01054272090323,41.651569056028166
20250718111119630604,2025-07-18 11:11:19.630604,49,-1.4872923356938816,0.9395610729250844,1.4833675699526907,-0.3480400092958007,5.759999871253967,2.301128603350376,147.71833765451444,40.137647935118565
20250718111119630604,2025-07-18 11:11:19.630604,50,-5.6434502806740285,4.024088594813019,1.425361412928158,0.0697200018621515,5.119999885559082,7.076261389095837,144.50905400001665,11.620512013328668
20250718111119630604,2025-07-18 11:11:19.630604,51,-5.667361440531115,3.979873396880903,0.8609390759340758,0.0697200018621515,5.879999868571758,6.978509442946214,144.92176183108975,7.086638096899441
20250718111119630604,2025-07-18 11:11:19.630604,52,-1.1642989451549932,0.8199150018731993,1.7050582779368837,-0.4174800111504737,11.639999739825726,2.2215031791890034,144.8462774152366,50.13211506217983
20250718111119630604,2025-07-18 11:11:19.630604,53,-1.216397476806065,0.8723292701803651,1.750550021925657,-0.3480400092958007,13.23999970406294,2.3032599845561266,144.35411760331877,49.46697038163632
20250718111119630604,2025-07-18 11:11:19.630604,54,-1.262032224402751,0.8723588564916872,1.6191647469836443,-0.2088800055789761,14.119999684393406,2.2305671448770714,145.34647586888346,46.54362152420207
20250718111119630604,2025-07-18 11:11:19.630604,55,-1.3179782894988652,0.8384001572235158,1.4874039977493203,-0.2783200074336491,24.51999945193529,2.156931210711976,147.5385029277315,43.5978754695429
20250718111119630604,2025-07-18 11:11:19.630604,56,-1.36686977819109,0.9069847918180586,1.5278825636778468,-0.3480400092958007,28.639999359846115,2.241735830001429,146.43378503844596,42.96584537515531
20250718111119630604,2025-07-18 11:11:19.630604,57,-1.4175168276759094,0.9405915803842518,1.510389050000415,-0.3480400092958007,12.519999720156193,2.2749377046845205,146.43378503844596,41.59994192636274
20250718111119630604,2025-07-18 11:11:19.630604,58,-1.466171063581739,0.9680902890111932,1.4757231895417249,-0.3480400092958007,5.879999868571758,2.294474956828552,146.5638285994105,40.02814131004568
20250718111119630604,2025-07-18 11:11:19.630604,59,-5.561613040690511,4.132324800764359,1.3963596089516876,0.0697200018621515,5.519999876618385,7.068059707649806,143.3873436812753,11.39425879544882
20250718111119630604,2025-07-18 11:11:19.630604,60,-5.625688033999451,4.034415090901712,0.8463246730673744,0.0697200018621515,6.11999986320734,6.974319782876512,144.35411760331877,6.96994655521212
20250718111119630604,2025-07-18 11:11:19.630604,61,-1.1467009790439466,0.8422382906021616,1.699076770749551,-0.3480400092958007,12.759999714791777,2.216111537445153,143.70315852970117,50.0578274341211
20250718111119630604,2025-07-18 11:11:19.630604,62,-1.1978323565460995,0.8915893934729919,1.7296808038400877,-0.3480400092958007,15.119999662041664,2.28506666951212,143.33837336767445,49.19603361695259
20250718111119630604,2025-07-18 11:11:19.630604,63,-1.2429570543972233,0.8965560009173801,1.6126811416756408,-0.2088800055789761,15.639999650418758,2.224746135309158,144.19675248945308,46.45913395986859
20250718111119630604,2025-07-18 11:11:19.630604,64,-1.2988659202555053,0.8636777733070858,1.480630880933144,-0.2088800055789761,25.75999942421913,2.150641713647051,146.37817571081595,43.50833100295537
20250718111119630604,2025-07-18 11:11:19.630604,65,-1.344804431879327,0.9274738435143484,1.5048812401097582,-0.3480400092958007,29.11999934911728,2.221120041159379,145.40706135844516,42.65113142040953
20250718111119630604,2025-07-18 11:11:19.630604,66,-1.3965294677972395,0.9677740857979156,1.5031055196265692,-0.3480400092958007,12.11999972909689,2.268525388594955,145.27861821812232,41.49781201313492
20250718111119630604,2025-07-18 11:11:19.630604,67,-1.4444633426190665,0.9962057950108716,1.4681896624143187,-0.3480400092958007,5.999999865889549,2.2878988655541046,145.40706135844516,39.9201694165356
20250718111119630604,2025-07-18 11:11:19.630604,68,-5.477551229744013,4.23895849155549,1.367787197618254,0.0697200018621515,5.879999868571758,7.059970140557887,142.26448674995626,11.17103284869514
20250718111119630604,2025-07-18 11:11:19.630604,69,-1.128644347850928,0.8642171708948454,1.6931875475245863,-0.3480400092958007,13.999999687075617,2.210790232812164,142.5582651589765,49.98484150375979
20250718111119630604,2025-07-18 11:11:19.630604,70,-1.177732712988677,0.9018047494123624,1.6798432892340105,-0.3480400092958007,17.359999611973763,2.241022004731525,142.5582651589765,48.55470512611795
20250718111119630604,2025-07-18 11:11:19.630604,71,-1.2332325473917296,0.9085151777458244,1.609476689902318,-0.2088800055789761,17.23999961465597,2.22186353304602,143.6211435480523,46.41741464608912
20250718111119630604,2025-07-18 11:11:19.630604,72,-1.119446282764336,0.8750747051315101,1.6902782799940788,-0.3480400092958007,15.239999659359457,2.208156784147274,141.98514754961374,49.94884385563006
20250718111119630604,2025-07-18 11:11:19.630604,73,-1.1681345945297437,0.9131345126608676,1.6768074883211377,-0.3480400092958007,19.759999558329586,2.2383110646287325,141.98514754961374,48.51590352229873
20250718111119630604,2025-07-18 11:11:19.630604,74,-1.2134145514908072,0.9321487612151812,1.6031440902974503,-0.2088800055789761,19.119999572634697,2.21615594240574,142.4684203151922,46.33504325010259
20250718111119630604,2025-07-18 11:11:19.630604,75,-1.3178639062911082,0.9354124857867052,1.450375143638603,-0.3480400092958007,29.35999934375286,2.1714856323160925,144.63307896725632,41.90660617825322
20250718111119630604,2025-07-18 11:11:19.630604,76,-1.3621523186223534,1.001785579253757,1.475832017131363,-0.3480400092958007,11.639999739825726,2.244351449465762,143.66763239939473,41.11527822718968
20250718111119630604,2025-07-18 11:11:19.630604,77,-1.1485888916544655,0.9355130885949126,1.6708111669718515,-0.3480400092958007,22.359999500215054,2.2329467384248707,140.83756085190228,48.43935323746256
20250718111119630604,2025-07-18 11:11:19.630604,78,-1.3927788960621703,1.0318597924741209,1.4023756324365686,-0.3480400092958007,5.999999865889549,2.229624430053806,143.46658350101893,38.974461201654094
20250718111119630604,2025-07-18 11:11:19.630604,79,-1.1386432617920328,0.9465596634416078,1.66785124616255,-0.3480400092958007,25.11999943852425,2.230294028464646,140.2630883830879,48.4016108623499
20250718111119630604,2025-07-18 11:11:19.630604,80,-1.225764179370208,0.9431433595149676,1.4425782236745226,-0.2088800055789761,28.879999354481697,2.1149584278288405,142.4241306137989,43.006669545975605
20250718111119630604,2025-07-18 11:11:19.630604,81,-1.1177958349616848,0.9638964411944196,1.64751937535532,-0.3480400092958007,27.359999388456345,2.2119864308300223,139.22818174134213,48.14316090019619
20250718111119630604,2025-07-18 11:11:19.630604,82,-1.061355545441327,0.9340204217477476,1.6594511469430282,-0.3480400092958007,17.759999603033066,2.180056845857793,138.651384872376,49.56977250782796
20250718111119630604,2025-07-18 11:11:19.630604,83,-1.1075173045949551,0.9746439676824524,1.6446395843122197,-0.3480400092958007,29.11999934911728,2.209381091166424,138.651384872376,48.10666889732292
20250718111119630604,2025-07-18 11:11:19.630604,84,-5.131107809381766,4.606456683293183,0.6930465903490666,0.0697200018621515,6.519999854266644,6.930225400587592,138.08406254093717,5.739370315266663
20250718111119630604,2025-07-18 11:11:19.630604,85,-1.0946574458636178,0.9712707300016948,1.5985467474136286,-0.3480400092958007,29.879999332129955,2.167254820829654,138.41790694847955,47.52657268299343
20250718111119630604,2025-07-18 11:11:19.630604,86,-1.124392194585991,1.0017792809091872,1.5194261087349383,-0.2088800055789761,27.119999393820763,2.139269790094327,138.3005005830197,45.25563024334635
20250718111119630604,2025-07-18 11:11:19.630604,87,-4.637846545203411,4.987841601510256,0.5915096107944855,0.0697200018621515,10.119999773800371,6.836524558448822,132.91761286103346,4.963550120483076
20250718111119630604,2025-07-18 11:11:19.630604,88,-4.439565386917234,5.07340159988985,0.5692386796113584,0.0697200018621515,9.239999793469906,6.765587727082115,131.18809333706145,4.826421450403909
20250718111119688418,2025-07-18 11:11:19.688418,1,-1.335093348113037,0.7166482847971198,1.917857097223632,-0.4174800111504737,17.759999603033066,2.444224796873109,151.77409020374498,51.688172045173744
20250718111119688418,2025-07-18 11:11:19.688418,2,-1.3935275288629012,0.7316135168483949,1.8530527709126448,-0.4174800111504737,18.639999583363533,2.4312510942971426,152.30015445881628,49.65682657712623
20250718111119688418,2025-07-18 11:11:19.688418,3,-1.445315190867719,0.673062296750149,1.59901695735783,-0.3480400092958007,15.119999662041664,2.2580531628324145,155.02928822731465,45.08375233688569
20250718111119688418,2025-07-18 11:11:19.688418,4,-1.554997792577946,0.6270433339112388,1.4320353156499894,-0.0697200018621515,5.879999868571758,2.2049776921305964,158.03854556646044,40.50057603926092
20250718111119688418,2025-07-18 11:11:19.688418,5,-1.265516146336608,0.7113613677229195,1.9146937794059893,-0.4174800111504737,12.879999712109566,2.402835487715144,150.659152007077,52.83011952368574
20250718111119688418,2025-07-18 11:11:19.688418,6,-1.320557505288501,0.7423007567608941,1.9109835380770768,-0.4174800111504737,20.239999547600743,2.438593984463828,150.659152007077,51.59521102798923
20250718111119688418,2025-07-18 11:11:19.688418,7,-1.3705623261395588,0.7716651065243469,1.8423209798033915,-0.4174800111504737,21.359999522566795,2.422406802971796,150.61926628314615,49.51123283352896
20250718111119688418,2025-07-18 11:11:19.688418,8,-1.4299489369417364,0.7008361407148419,1.5915749782967823,-0.3480400092958007,17.11999961733818,2.251452013686563,153.88993898990134,44.98409458922652
20250718111119688418,2025-07-18 11:11:19.688418,9,-1.4811786762430357,0.685491193885383,1.4999391747503807,-0.0697200018621515,10.759999759495258,2.216665508326038,155.16524618986904,42.58355307751505
20250718111119688418,2025-07-18 11:11:19.688418,10,-1.5396342587324303,0.6569361798901276,1.424025551710478,-0.0697200018621515,6.239999860525131,2.19770051804961,156.89286836093063,40.38809123644136
20250718111119688418,2025-07-18 11:11:19.688418,11,-1.59094382126046,0.7362906291674572,1.4628813572963228,-0.3480400092958007,5.239999882876873,2.283253818245308,155.16524618986904,39.84405734545419
20250718111119688418,2025-07-18 11:11:19.688418,12,-1.251894594684207,0.7323765961918933,1.894039117830414,-0.4174800111504737,14.51999967545271,2.385581634470087,149.67174331233983,52.55645260308481
20250718111119688418,2025-07-18 11:11:19.688418,13,-1.3003658757646894,0.7660590539566794,1.8418589751121164,-0.4174800111504737,23.11999948322773,2.381227072163284,149.4972191177993,50.66846909398531
20250718111119688418,2025-07-18 11:11:19.688418,14,-1.3545656396145194,0.7979886982154998,1.8352675946678605,-0.4174800111504737,24.75999944657088,2.416576334102011,149.4972191177993,49.415687607134856
20250718111119688418,2025-07-18 11:11:19.688418,15,-1.4140107225322764,0.7283075966621918,1.584214023860783,-0.3480400092958007,19.519999563694,2.2449036398449893,152.7485838753443,44.88560234449874
20250718111119688418,2025-07-18 11:11:19.688418,16,-1.4650523278769434,0.7139505480716402,1.4923135137790615,-0.0697200018621515,11.9999997317791,2.2097744979787093,154.01906045664947,42.47930730747194
20250718111119688418,2025-07-18 11:11:19.688418,17,-1.515436258613437,0.7012040717498611,1.4121640058360343,-0.0697200018621515,6.999999843537808,2.1868793710531342,155.16965466878807,40.22147319617941
20250718111119688418,2025-07-18 11:11:19.688418,18,-1.5736224037272266,0.7668590098941722,1.4546905843666724,-0.3480400092958007,5.639999873936176,2.2760678607662768,154.01906045664947,39.72656172697562
20250718111119688418,2025-07-18 11:11:19.688418,19,-1.230951115291926,0.7580573218104445,1.8420388908292424,-0.4174800111504737,16.239999637007713,2.341580412182397,148.37396868716672,51.87491530853786
20250718111119688418,2025-07-18 11:11:19.688418,20,-1.2844891301052073,0.7910276677650674,1.8351686552060344,-0.4174800111504737,26.6399994045496,2.375601205922197,148.37396868716675,50.57955571804521
20250718111119688418,2025-07-18 11:11:19.688418,21,-1.3380271449184884,0.8239980137196906,1.828298419582826,-0.4174800111504737,28.999999351799488,2.4108016256427605,148.37396868716672,49.32139578350265
20250718111119688418,2025-07-18 11:11:19.688418,22,-1.397506922712311,0.7554656763765917,1.5769370383333294,-0.3480400092958007,22.51999949663877,2.2384111351759013,151.60518705144185,44.78831255520458
20250718111119688418,2025-07-18 11:11:19.688418,23,-1.4483399781396662,0.7420926942253185,1.4847728484439051,-0.0697200018621515,13.519999697804453,2.202939098244985,152.87054854497634,42.37625721686512
20250718111119688418,2025-07-18 11:11:19.688418,24,-1.498545202303896,0.7303178668959684,1.4043629879380295,-0.0697200018621515,7.879999823868275,2.1797333121154367,154.01765334697848,40.111865344205206
20250718111119688418,2025-07-18 11:11:19.688418,25,-1.5556715582419909,0.7970866753732404,1.446591105812478,-0.3480400092958007,5.999999865889549,2.2689396185435164,152.87054854497634,39.61030997720996
20250718111119688418,2025-07-18 11:11:19.688418,26,-1.2231585923918746,0.7699098600528265,1.838863012778937,-0.4174800111504737,18.35999958962202,2.3388662455375817,147.8118823292234,51.8336384252616
20250718111119688418,2025-07-18 11:11:19.688418,27,-1.2763576853736769,0.8033957109370219,1.831854648026156,-0.4174800111504737,30.63999931514263,2.3728095289886806,147.8118823292234,50.53556420032061
20250718111119688418,2025-07-18 11:11:19.688418,28,-1.3300887961158625,0.8208483071642634,1.7636895031043045,-0.4174800111504737,34.11999923735857,2.3565926275637223,148.31968883067353,48.45254154008279
20250718111119688418,2025-07-18 11:11:19.688418,29,-1.380444138781426,0.7822995169887449,1.5697469324114774,-0.4174800111504737,26.119999416172504,2.2319775954054872,150.4597148263742,44.69226164887333
20250718111119688418,2025-07-18 11:11:19.688418,30,-1.4310483117479726,0.7699063758636836,1.477320194910369,-0.0697200018621515,15.239999659359457,2.196162575139255,151.71967447994209,42.27444281304941
20250718111119688418,2025-07-18 11:11:19.688418,31,-1.4810547479205642,0.7590995510878094,1.3966509589020184,-0.0697200018621515,8.759999804198742,2.1726456673377936,152.86305296152955,40.003485449919125
20250718111119688418,2025-07-18 11:11:19.688418,32,-1.537098464903285,0.8269615349420408,1.4385861613170248,-0.3480400092958007,6.359999857842922,2.2618725018476584,151.71967447994209,39.49534923331007
20250718111119688418,2025-07-18 11:11:19.688418,33,-1.2072073935654868,0.7933861748088218,1.8325725531988093,-0.4174800111504737,20.63999953866005,2.3334809783228474,146.68676855323858,51.75200026030987
20250718111119688418,2025-07-18 11:11:19.688418,34,-1.2597127177140284,0.8278930859703538,1.825290596169292,-0.4174800111504737,35.51999920606613,2.367270338054365,146.68676855323858,50.44853032721456
20250718111119688418,2025-07-18 11:11:19.688418,35,-1.3127431215847238,0.8463769535926694,1.7568491229099532,-0.4174800111504737,40.3599990978837,2.350780145294384,147.18853766279727,48.3611097303446
20250718111119688418,2025-07-18 11:11:19.688418,36,-1.3628291956253868,0.8087983853206657,1.562646582041601,-0.4174800111504737,30.63999931514263,2.225606116300131,149.3121357343347,44.59748551402246
20250718111119688418,2025-07-18 11:11:19.688418,37,-1.4131842451375565,0.7973804678854214,1.4699585341403658,-0.0697200018621515,17.519999608397484,2.1894481983737983,150.5664045870496,42.17390361932906
20250718111119688418,2025-07-18 11:11:19.688418,38,-1.4629718914116792,0.787537612035973,1.3890310034366509,-0.0697200018621515,9.879999779164793,2.1656198590565743,151.70581730260196,39.89637701790603
20250718111119688418,2025-07-18 11:11:19.688418,39,-1.518555583353418,0.8223216358324772,1.383965393135706,-0.3480400092958007,6.7599998489022255,2.2130486081171625,151.56376096443648,38.70905716117083
20250718111119688418,2025-07-18 11:11:19.688418,40,-5.81436402843454,3.893917276428516,1.464820655545105,0.0697200018621515,4.999999888241291,7.149483922894966,146.18952334500003,11.822756023864294
20250718111119688418,2025-07-18 11:11:19.688418,41,-1.1907733278991417,0.8165496615104908,1.826365915643208,-0.4174800111504737,22.99999948590994,2.3281552624282056,145.5603764481921,51.671605206698096
20250718111119688418,2025-07-18 11:11:19.688418,42,-1.242874628916418,0.8483478341643541,1.804104421133639,-0.4174800111504737,40.99999908357859,2.3493029079472523,145.68376203783782,50.16852822740681
20250718111119688418,2025-07-18 11:11:19.688418,43,-1.2948723673314315,0.8715654241086808,1.750099892576613,-0.4174800111504737,47.9999989271164,2.345030995568486,146.0559039628444,48.27100061117389
20250718111119688418,2025-07-18 11:11:19.688418,44,-1.344669138986279,0.8349516821788088,1.5556388272690498,-0.4174800111504737,36.11999919265509,2.2192997917862174,148.16242061989763,44.50401948634244
20250718111119688418,2025-07-18 11:11:19.688418,45,-1.3947549236965588,0.8245039810205308,1.4626908106999184,-0.0697200018621515,20.239999547600743,2.18279923941724,149.41070758879724,42.07467865808281
20250718111119688418,2025-07-18 11:11:19.688418,46,-1.444303865678419,0.8156206748957571,1.3815061694223791,-0.0697200018621515,11.119999751448631,2.158659314918204,150.54591261282684,39.79058312819901
20250718111119688418,2025-07-18 11:11:19.688418,47,-1.4959080004075025,0.8447623258982464,1.3594077455929572,-0.3480400092958007,7.1199998408555984,2.1907426940921915,150.54591261282684,38.354387358280114
20250718111119688418,2025-07-18 11:11:19.688418,48,-5.735211398355703,4.005481324635284,1.4349271589237549,0.0697200018621515,4.999999888241291,7.141116605773092,145.06948670208462,11.591860876476256
20250718111119688418,2025-07-18 11:11:19.688418,49,-1.1741565348325418,0.8358354668723478,1.806147562750327,-0.4174800111504737,25.359999433159828,2.3107214272604613,144.55444442074918,51.41079029700862
20250718111119688418,2025-07-18 11:11:19.688418,50,-1.2252243710561337,0.8721886339891955,1.7977162980736607,-0.4174800111504737,47.11999894678593,2.343858285189082,144.55444442074918,50.08437403885761
20250718111119688418,2025-07-18 11:11:19.688418,51,-1.2764836814190943,0.8964036436603836,1.743444511706307,-0.4174800111504737,56.87999872863293,2.3393479533185526,144.92176183108975,48.18224599703164
20250718111119688418,2025-07-18 11:11:19.688418,52,-1.325971232644303,0.8607489465936046,1.548726471102173,-0.4174800111504737,42.75999904423952,2.213061712007788,147.01054272090323,44.41189833513376
20250718111119688418,2025-07-18 11:11:19.688418,53,-1.3757677189075057,0.8512660662258845,1.455519931581371,-0.0697200018621515,23.75999946892261,2.1762189694803906,148.25255470016756,41.97680643395928
20250718111119688418,2025-07-18 11:11:19.688418,54,-1.434752738716047,0.8295255661069061,1.3777803650515092,-0.0697200018621515,12.519999720156193,2.1552045889890943,149.96494952905772,39.73819247829586
20250718111119688418,2025-07-18 11:11:19.688418,55,-1.486015617249469,0.8591640307623285,1.3555488204049948,-0.3480400092958007,7.35999983549118,2.1872169190472315,149.96494952905772,38.2985859079943
20250718111119688418,2025-07-18 11:11:19.688418,56,-5.6947728155773545,4.06068436815909,1.4201355479918107,0.0697200018621515,4.999999888241291,7.136972742943637,144.50905400001665,11.477488218849196
20250718111119688418,2025-07-18 11:11:19.688418,57,-1.165697549024857,0.8359702412914637,1.7609471956411114,-0.4174800111504737,27.639999382197857,2.2712622142684804,144.35411760331877,50.83374136786228
20250718111119688418,2025-07-18 11:11:19.688418,58,-1.216397476806065,0.8723292701803651,1.750550021925657,-0.4174800111504737,53.51999880373478,2.3032599845561266,144.35411760331877,49.46697038163632
20250718111119688418,2025-07-18 11:11:19.688418,59,-1.2670974045872734,0.9086882990692668,1.7401528482102022,-0.4174800111504737,66.75999850779772,2.336532086813978,144.35411760331877,48.13838641235672
20250718111119688418,2025-07-18 11:11:19.688418,60,-1.316422914672614,0.8735108364082532,1.545306933032443,-0.4174800111504737,50.75999886542559,2.209969228038237,146.43378503844596,44.36635279546546
20250718111119688418,2025-07-18 11:11:19.688418,61,-1.3660672749446607,0.8645082224413072,1.4519717065174016,-0.0697200018621515,27.87999937683344,2.172955614565198,147.67254900638005,41.928389485340894
20250718111119688418,2025-07-18 11:11:19.688418,62,-1.4152210320277805,0.8570551158434065,1.3704038444316216,-0.0697200018621515,14.119999684393406,2.148348374430949,148.80098362498154,39.634450199968185
20250718111119688418,2025-07-18 11:11:19.688418,63,-1.4657860540731174,0.8876771952542784,1.3479087410057211,-0.3480400092958007,7.639999829232693,2.180219606684008,148.80098362498154,38.18805026337933
20250718111119688418,2025-07-18 11:11:19.688418,64,-5.612191333260414,4.169904893309054,1.390869996480975,0.0697200018621515,4.999999888241291,7.1287669149353645,143.3873436812753,11.25095520691852
20250718111119688418,2025-07-18 11:11:19.688418,65,-1.148078443511763,0.8583203456747167,1.7549585032208674,-0.4174800111504737,29.35999934375286,2.265982629298553,143.2176690385541,50.75792239331341
20250718111119688418,2025-07-18 11:11:19.688418,66,-1.1980120598446626,0.8956514523372066,1.7443008620509997,-0.4174800111504737,59.51999866962433,2.297827216515389,143.2176690385541,49.38569457650926
20250718111119688418,2025-07-18 11:11:19.688418,67,-1.2477584827744623,0.9287511919159356,1.7184137928634058,-0.4174800111504737,76.359998293221,2.317849428095814,143.33837336767445,47.84934596262937
20250718111119688418,2025-07-18 11:11:19.688418,68,-1.2969323231513412,0.8987547504882211,1.538542846640915,-0.4174800111504737,59.75999866425991,2.203839296162452,145.27861821812232,44.276312879813176
20250718111119688418,2025-07-18 11:11:19.688418,69,-1.346257553966677,0.8907081412074271,1.4449514594422588,-0.0697200018621515,32.99999926239252,2.1664845059611766,146.51066399385218,41.83261738950439
20250718111119688418,2025-07-18 11:11:19.688418,70,-1.3951232558213698,0.8842018614181356,1.3631298958777398,-0.0697200018621515,15.639999650418758,2.1415660026495966,147.6342757237497,39.53212817718654
20250718111119688418,2025-07-18 11:11:19.688418,71,-1.4449701960448984,0.9157938782150272,1.3403748985125468,-0.3480400092958007,7.639999829232693,2.1732975321839096,147.6342757237497,38.07897591940529
20250718111119688418,2025-07-18 11:11:19.688418,72,-1.1300001219493008,0.8803256279040858,1.749062205618289,-0.4174800111504737,30.35999932140112,2.2607724533602385,142.07965693496166,50.68342060023838
20250718111119688418,2025-07-18 11:11:19.688418,73,-1.179147454054024,0.9186138149179648,1.7381481155411749,-0.4174800111504737,64.11999856680632,2.2924656880571974,142.07965693496166,49.30579398425965
20250718111119688418,2025-07-18 11:11:19.688418,74,-1.2281105404135833,0.9526670469019016,1.7120055588336165,-0.4174800111504737,84.23999811708927,2.312313351430756,142.1986349909474,47.764348734444425
20250718111119688418,2025-07-18 11:11:19.688418,75,-1.2751897434489656,0.9180723159747036,1.5165017088038943,-0.4174800111504737,69.11999845504761,2.183745198497693,144.24801548058986,43.98340024631037
20250718111119688418,2025-07-18 11:11:19.688418,76,-1.3259093479410395,0.9165201512636107,1.4380351521926804,-0.0697200018621515,38.99999912828207,2.1600902494043,145.3462626467149,41.73829191804339
20250718111119688418,2025-07-18 11:11:19.688418,77,-1.3744674489389703,0.9109549444953006,1.3559614288721706,-0.0697200018621515,17.23999961465597,2.1348609031228,146.46480148464576,39.43126784824085
20250718111119688418,2025-07-18 11:11:19.688418,78,-1.4235763692301102,0.9435028333467778,1.332950306361884,-0.3480400092958007,7.639999829232693,2.166454198637493,146.46480148464576,37.97140845461134
20250718111119688418,2025-07-18 11:11:19.688418,79,-1.1207910077679044,0.8911962046582789,1.7461494433557423,-0.4174800111504737,30.63999931514263,2.2581941982084457,141.5100588248389,50.64667103612236
20250718111119688418,2025-07-18 11:11:19.688418,80,-1.1693623738146175,0.9258899831777356,1.72048998852879,-0.4174800111504737,66.63999851047993,2.2770082175675217,141.62815437367055,49.07715489408756
20250718111119688418,2025-07-18 11:11:19.688418,81,-1.2168229062951514,0.951194320190225,1.6633366966481966,-0.4174800111504737,88.11999803036451,2.269827655674161,141.98514754961374,47.12190375066253
20250718111119688418,2025-07-18 11:11:19.688418,82,-1.2650068701116504,0.9303406255010176,1.5132144251738235,-0.4174800111504737,77.63999826461077,2.180732436004345,143.66763239939473,43.93977891872667
20250718111119688418,2025-07-18 11:11:19.688418,83,-1.315535848151093,0.9292774579576896,1.4346168421664056,-0.0697200018621515,45.639998979866505,2.15692295770304,144.763112194281,41.69168311499427
20250718111119688418,2025-07-18 11:11:19.688418,84,-1.363932857254776,0.9241805123052844,1.3524176486580424,-0.0697200018621515,18.639999583363533,2.131538400973762,145.8790201784294,39.38139862840318
20250718111119688418,2025-07-18 11:11:19.688418,85,-1.14979612723726,0.9482920803327816,1.714487364687332,-0.4174800111504737,66.23999851942062,2.2717297214906944,140.48596025109055,48.99966093712457
20250718111119688418,2025-07-18 11:11:19.688418,86,-1.196462530795912,0.9745056440174024,1.657090446254204,-0.4174800111504737,86.99999805539846,2.264317244753325,140.83756085190228,47.03984977139302
20250718111119688418,2025-07-18 11:11:19.688418,87,-1.2442626554841167,0.9545791153132044,1.506719741402898,-0.4174800111504737,83.51999813318253,2.1747678548198524,142.50513615806145,43.8536461262301
20250718111119688418,2025-07-18 11:11:19.688418,88,-1.2943952416196522,0.9544882962054856,1.4278616184173971,-0.0697200018621515,52.3599988296628,2.150650076249132,143.59490100225034,41.59959594951479
20250718111119688418,2025-07-18 11:11:19.688418,89,-1.342455564546765,0.9503230878718062,1.345412766646923,-0.3480400092958007,19.519999563694,2.12495562936766,144.70535721515787,39.28280740694373
20250718111119688418,2025-07-18 11:11:19.688418,90,-1.1386432617920328,0.9465596634416078,1.66785124616255,-0.4174800111504737,63.23999858647585,2.230294028464646,140.2630883830879,48.4016108623499
20250718111119688418,2025-07-18 11:11:19.688418,91,-1.1861023631484386,0.986012644471382,1.6540071547752555,-0.4174800111504737,80.99999818950891,2.2615922309230494,140.2630883830879,46.99937983771687
20250718111119688418,2025-07-18 11:11:19.688418,92,-1.2337033885979816,0.9665468717704034,1.5035129907249791,-0.4174800111504737,84.87999810278416,2.171816801584808,141.9230196097775,43.8111425766019
20250718111119688418,2025-07-18 11:11:19.688418,93,-1.2727368942730808,0.9792857145328768,1.4212171702021958,-0.0697200018621515,58.11999870091677,2.144462160451798,142.4241306137989,41.50904569897676
20250718111119688418,2025-07-18 11:11:19.688418,94,-1.320441307536108,0.9760455533329692,1.3385204527992671,-0.3480400092958007,19.879999555647373,2.1184586782353545,143.52888006843236,39.1857791818712
20250718111119688418,2025-07-18 11:11:19.688418,95,-1.16502724799461,1.008723569123165,1.6479217808554465,-0.4174800111504737,72.23999838531017,2.256204317718645,139.1127779532472,46.91957162432964
20250718111119688418,2025-07-18 11:11:19.688418,96,-1.2122158151645943,0.990173424078592,1.4971822751140684,-0.4174800111504737,81.51999817788601,2.1659790758921065,140.75704253835565,43.72728065692985
20250718111119688418,2025-07-18 11:11:19.688418,97,-1.261716267001935,0.991526285084179,1.4179373192080784,-0.0697200018621515,61.519998624920845,2.141401072576812,141.8377818753411,41.46435789537117
20250718111119688418,2025-07-18 11:11:19.688418,98,-1.1536790637485836,1.0152675136171576,1.629828021681411,-0.4174800111504737,62.5199986025691,2.240107784593437,138.651384872376,46.68279513410649
20250718111119688418,2025-07-18 11:11:19.688418,99,-1.1956712391188848,0.9842551618615752,1.4483222670445146,-0.0697200018621515,74.35999833792448,2.120383296699964,140.5393998024152,43.08223791150145
20250718111119688418,2025-07-18 11:11:19.688418,100,-1.2431808133178617,0.984260181228062,1.3678745078324628,-0.0697200018621515,61.63999862223864,2.0941220852974785,141.6303793054368,40.783086737902366
20250718111119688418,2025-07-18 11:11:19.688418,101,-1.1846766167061706,0.9957514547546776,1.4452418446478563,-0.0697200018621515,65.35999853909016,2.1174757697167577,139.95207674672577,43.041704919656254
20250718111119688418,2025-07-18 11:11:19.688418,102,-1.2319755563164638,0.9962143678869196,1.364671393171051,-0.0697200018621515,58.35999869555235,2.091060699617544,141.03990134693188,40.73955263719291
20250718111119688418,2025-07-18 11:11:19.688418,103,-1.162333083172897,1.0184225827938689,1.4391671341982524,-0.2783200074336491,56.23999874293804,2.1117302842785484,138.77553818331353,42.961820532044825
20250718111119688418,2025-07-18 11:11:19.688418,104,-1.2091965855790854,1.019795065571072,1.35835296426962,-0.2088800055789761,52.999998815357685,2.085008665180864,139.85686099024957,40.65369792819656
20250718111119688418,2025-07-18 11:11:19.688418,105,-1.197625149721094,1.031419218546354,1.3552382818671973,-0.2088800055789761,46.51999896019697,2.082018828990169,139.26429766746546,40.61138563124809
20250718111119688418,2025-07-18 11:11:19.688418,106,-1.1741241625802514,1.0543293208517763,1.349099538455945,-0.2088800055789761,40.11999910324812,2.0761135399164923,138.07708404011427,40.52801161270971
20250718111119688418,2025-07-18 11:11:19.688418,107,-4.738664516949172,4.967279151804377,0.8849995430707789,0.0697200018621515,5.759999871253967,6.921851469612666,133.650699755807,7.345710436081086
20250718111119688418,2025-07-18 11:11:19.688418,108,-4.481273940743426,5.160748899792037,1.1162142591623914,0.0697200018621515,5.519999876618385,6.925393823534391,130.96902071423025,9.27522059685178
20250718111119741449,2025-07-18 11:11:19.741449,1,-1.4410484617295416,0.6024869618624372,1.7567725517069177,-0.4872000130126253,20.119999550282955,2.350714999037132,157.3107164340228,48.36008684530373
20250718111119741449,2025-07-18 11:11:19.741449,2,-1.3658341747772902,0.6346606555755832,1.814233135275232,-0.4872000130126253,17.639999605715275,2.357909881623085,155.07717255800802,50.302218662886894
20250718111119741449,2025-07-18 11:11:19.741449,3,-1.4210556526083309,0.6439587755915941,1.745660212709536,-0.4872000130126253,22.11999950557947,2.341241476377141,155.6220952501812,48.2117828742449
20250718111119741449,2025-07-18 11:11:19.741449,4,-1.3523395964108702,0.6609170726677468,1.807197749519252,-0.4872000130126253,19.519999563694,2.3519348347332816,153.9542582109686,50.20932381609074
20250718111119741449,2025-07-18 11:11:19.741449,5,-1.4070154805132855,0.6712767550470027,1.7383403821756092,-0.4872000130126253,24.35999945551157,2.3349801559270067,154.4945332522252,48.1142468471394
20250718111119741449,2025-07-18 11:11:19.741449,6,-1.4592151186681708,0.6791441251696192,1.6650511211483487,-0.4872000130126253,18.879999577999115,2.3158023968679937,155.04191136770322,45.97159564777144
20250718111119741449,2025-07-18 11:11:19.741449,7,-1.3310852540050244,0.6997998285378575,1.7967791464843592,-0.4872000130126253,21.639999516308308,2.343058482985924,152.26746594095252,50.072039096823886
20250718111119741449,2025-07-18 11:11:19.741449,8,-1.392412521011149,0.6983180538802919,1.7310946879909408,-0.4872000130126253,26.75999940186739,2.32876567130191,153.36547318844987,48.01781891631288
20250718111119741449,2025-07-18 11:11:19.741449,9,-1.4440703959711307,0.7071886439630902,1.6575366149855189,-0.4872000130126253,20.75999953597784,2.309303513332153,153.90813246940326,45.87023951624096
20250718111119741449,2025-07-18 11:11:19.741449,10,-1.261387196768518,0.6951381750768385,1.7986830340517266,-0.4872000130126253,11.519999742507936,2.3042515920806523,151.14126960749104,51.3149167920506
20250718111119741449,2025-07-18 11:11:19.741449,11,-1.3162489744515908,0.7253719653973543,1.789927113064119,-0.4872000130126253,23.9999994635582,2.3372023705728475,151.14126960749104,49.981934511701496
20250718111119741449,2025-07-18 11:11:19.741449,12,-1.3772526150907578,0.7250718559329576,1.7239260283364668,-0.4872000130126253,29.35999934375286,2.3226008940875613,152.23487727277575,47.92253404004717
20250718111119741449,2025-07-18 11:11:19.741449,13,-1.428348064395538,0.7349349999753664,1.650102001299123,-0.4872000130126253,22.879999488592148,2.3028556754479084,152.77259637045643,45.77004238859868
20250718111119741449,2025-07-18 11:11:19.741449,14,-1.4830840303668995,0.7630985674926704,1.636693501348907,-0.3480400092958007,9.759999781847,2.3367976553814915,152.77259637045643,44.45911942134293
20250718111119741449,2025-07-18 11:11:19.741449,15,-1.246664761175064,0.7193649036968409,1.792191501682749,-0.4872000130126253,12.879999712109566,2.2986102910520327,150.0136976927871,51.23172490682689
20250718111119741449,2025-07-18 11:11:19.741449,16,-1.3008862128816636,0.750652392202136,1.7831532431174637,-0.4872000130126253,26.6399994045496,2.3313986019607875,150.0136976927871,49.89300152866608
20250718111119741449,2025-07-18 11:11:19.741449,17,-1.361541826512079,0.7515274600413697,1.7168372705803403,-0.4872000130126253,32.239999279379845,2.3164886967546017,151.1027095892468,47.828426644437045
20250718111119741449,2025-07-18 11:11:19.741449,18,-1.4120544126641124,0.7623720950344851,1.6427502538353762,-0.4872000130126253,25.23999943584204,2.2964619030342424,151.63526683897862,45.67104162405561
20250718111119741449,2025-07-18 11:11:19.741449,19,-1.4661659868720436,0.7915870840777773,1.6290600263363668,-0.3480400092958007,10.519999764859676,2.330255218242473,151.63526683897865,44.35410562795648
20250718111119741449,2025-07-18 11:11:19.741449,20,-1.2314436763214058,0.7433023904845514,1.7857774714291512,-0.4872000130126253,14.359999679028988,2.293022710117787,148.8847171399885,51.149695609976725
20250718111119741449,2025-07-18 11:11:19.741449,21,-1.2848103621298836,0.7715869414722999,1.7618353639434277,-0.4872000130126253,29.519999340176582,2.3130386776983585,149.01327207669434,49.61405929419689
20250718111119741449,2025-07-18 11:11:19.741449,22,-1.3452864393807888,0.7776742843170945,1.709831250131021,-0.4872000130126253,35.23999921232462,2.3104319510417435,149.9689361642666,47.73553061227514
20250718111119741449,2025-07-18 11:11:19.741449,23,-1.3951959580200106,0.7894889546687365,1.6354843131951105,-0.4872000130126253,27.759999379515648,2.290125216997226,150.4961096603587,45.57327407245738
20250718111119741449,2025-07-18 11:11:19.741449,24,-1.4486614965572735,0.8197430934425383,1.621515646364996,-0.3480400092958007,11.359999746084211,2.32377104342506,150.4961096603587,44.25035734745171
20250718111119741449,2025-07-18 11:11:19.741449,25,-1.1690233757949624,0.7070511476817314,1.7385727535035171,-0.5566400148672983,5.639999873936176,2.2111472582842384,148.83352503749808,51.83887784140464
20250718111119741449,2025-07-18 11:11:19.741449,26,-1.2236480352690131,0.7551596714810249,1.7826003225617173,-0.4872000130126253,15.999999642372131,2.290249888908672,148.31968883067353,51.10912549172589
20250718111119741449,2025-07-18 11:11:19.741449,27,-1.276676883842449,0.7839580777117287,1.7585205279786171,-0.4872000130126253,32.63999927043915,2.310170682150851,148.44751755704326,49.570813258713656
20250718111119741449,2025-07-18 11:11:19.741449,28,-1.327761742082487,0.7989632829587985,1.6877865656057534,-0.4872000130126253,38.519999139010906,2.2912697489151044,148.9631237114985,47.44396543620765
20250718111119741449,2025-07-18 11:11:19.741449,29,-1.3777794436200117,0.8162747324963051,1.628307085657574,-0.4872000130126253,30.63999931514263,2.283848637580092,149.35509271542284,45.47677606101921
20250718111119741449,2025-07-18 11:11:19.741449,30,-1.430577560985012,0.8475553335591196,1.6140633790860577,-0.3480400092958007,12.359999723732471,2.317348224403281,149.35509271542284,44.1479141213167
20250718111119741449,2025-07-18 11:11:19.741449,31,-1.153778153780427,0.7294884349623706,1.7325607004963248,-0.5566400148672983,5.999999865889549,2.205702605926088,147.69644633126669,51.766161060753575
20250718111119741449,2025-07-18 11:11:19.741449,32,-1.2076904536230173,0.7786453802069521,1.7763073458749326,-0.4872000130126253,17.879999600350857,2.284747830045812,147.18853766279727,51.028891100274
20250718111119741449,2025-07-18 11:11:19.741449,33,-1.25870477955557,0.795829403346799,1.7082392976298868,-0.4872000130126253,35.879999198019505,2.266222332268925,147.69644633126669,48.919122368294445
20250718111119741449,2025-07-18 11:11:19.741449,34,-1.3104464146394503,0.8244472657979678,1.6809581529840694,-0.4872000130126253,41.75999906659126,2.285301601935016,147.82457904562057,47.35387957865625
20250718111119741449,2025-07-18 11:11:19.741449,35,-1.3598118358373474,0.8427187145636776,1.6212214420179585,-0.4872000130126253,33.7599992454052,2.277635182556237,148.21218605725153,45.38158338122585
20250718111119741449,2025-07-18 11:11:19.741449,36,-1.4150544020270897,0.8397924840282096,1.5458866882877202,-0.3480400092958007,13.519999697804453,2.257741355858037,149.3121357343347,43.212407768493705
20250718111119741449,2025-07-18 11:11:19.741449,37,-5.773510347084724,3.7943963182364486,1.199272551141632,0.0697200018621515,5.119999885559082,7.012069580349475,146.68676855323858,9.847696647982652
20250718111119741449,2025-07-18 11:11:19.741449,38,-5.826015671233266,3.828903229397981,1.1919905941121152,0.0697200018621515,6.239999860525131,7.072750534127557,146.68676855323858,9.702525074423823
20250718111119741449,2025-07-18 11:11:19.741449,39,-1.1380714359085131,0.7516267395024342,1.7266287596730203,-0.5566400148672983,6.239999860525131,2.2003173004128103,146.5576723182986,51.69461130024576
20250718111119741449,2025-07-18 11:11:19.741449,40,-1.1910711229665245,0.7979338604585201,1.7560852653726284,-0.4872000130126253,19.999999552965164,2.266976913179715,146.18069681911996,50.77217610027503
20250718111119741449,2025-07-18 11:11:19.741449,41,-1.2415696649828676,0.8199810044535901,1.7017678956174036,-0.4872000130126253,39.23999912291765,2.260503937449452,146.5576723182986,48.83583902767414
20250718111119741449,2025-07-18 11:11:19.741449,42,-1.292606926126375,0.849591667878789,1.67422073075235,-0.4872000130126253,44.99999899417162,2.2793976666829927,146.68428445309402,47.265100108148005
20250718111119741449,2025-07-18 11:11:19.741449,43,-1.349337245092637,0.8507219244254791,1.602133862896362,-0.4872000130126253,36.999999172985554,2.260812178915266,147.76963849226198,45.125515996256425
20250718111119741449,2025-07-18 11:11:19.741449,44,-1.396198430808746,0.8669480057659531,1.5386103881680462,-0.3480400092958007,14.759999670088291,2.2512864832075445,148.16242061989763,43.1127367621494
20250718111119741449,2025-07-18 11:11:19.741449,45,-5.694913870062596,3.905176479838723,1.1695890963029134,0.0697200018621515,5.359999880194664,7.003598073869428,145.56037644819213,9.613340528851069
20250718111119741449,2025-07-18 11:11:19.741449,46,-5.746704423949219,3.9406908453814697,1.1620371926855388,0.0697200018621515,6.359999857842922,7.064275370644561,145.56037644819213,9.46789280667153
20250718111119741449,2025-07-18 11:11:19.741449,47,-1.1212919963509618,0.7694268711691299,1.7074803722038556,-0.5566400148672983,6.6399998515844345,2.182842796130601,145.5422144813209,51.46500795072425
20250718111119741449,2025-07-18 11:11:19.741449,48,-1.1741565348325418,0.8207809663203163,1.7499634018075718,-0.5566400148672983,22.11999950557947,2.261569559095984,145.0449583289061,50.694798030709066
20250718111119741449,2025-07-18 11:11:19.741449,49,-1.2239379391204128,0.8437967724826296,1.6953864798068956,-0.4872000130126253,42.63999904692173,2.254850857148305,145.41717748761758,48.75384801337695
20250718111119741449,2025-07-18 11:11:19.741449,50,-1.2806025983679556,0.8477980719210433,1.625745789374823,-0.4872000130126253,48.239998921751976,2.2364601399018413,146.49422289796843,46.62948281739872
20250718111119741449,2025-07-18 11:11:19.741449,51,-1.3305744277563945,0.8766087457164242,1.5951975100368443,-0.4872000130126253,40.3599990978837,2.2546676688358147,146.62231794904068,45.03259478107047
20250718111119741449,2025-07-18 11:11:19.741449,52,-1.3767839988587742,0.8937338514813157,1.53143314244003,-0.3480400092958007,16.119999639689922,2.24490129995974,147.01054272090323,43.01445417886152
20250718111119741449,2025-07-18 11:11:19.741449,53,-5.614039503525443,4.01441622006437,1.1403183961280658,0.0697200018621515,5.759999871253967,6.995234319135292,144.4326794976801,9.381860403124737
20250718111119741449,2025-07-18 11:11:19.741449,54,-5.665094571620049,4.0509240311239045,1.1325002995867433,0.0697200018621515,6.519999854266644,7.05590808754622,144.43267949768014,9.2361417415909
20250718111119741449,2025-07-18 11:11:19.741449,55,-1.1130468795192645,0.780217988978483,1.7045889009014104,-0.5566400148672983,6.8799998462200165,2.180191915270185,144.97050640346794,51.43051980431998
20250718111119741449,2025-07-18 11:11:19.741449,56,-1.1642989451549932,0.8199150018731993,1.7050582779368837,-0.4872000130126253,24.35999945551157,2.2215031791890034,144.8462774152366,50.13211506217983
20250718111119741449,2025-07-18 11:11:19.741449,57,-1.2149380431650008,0.8555757368695753,1.6922303158117384,-0.4872000130126253,45.87999897450209,2.252049673520061,144.8462774152366,48.713345832648336
20250718111119741449,2025-07-18 11:11:19.741449,58,-1.262032224402751,0.8723588564916872,1.6191647469836443,-0.4872000130126253,51.23999885469675,2.2305671448770714,145.34647586888346,46.54362152420207
20250718111119741449,2025-07-18 11:11:19.741449,59,-1.3112793984135955,0.9021279441914088,1.5883596614139828,-0.4872000130126253,43.87999901920557,2.2485939834487865,145.47298573090717,44.94106262218668
20250718111119741449,2025-07-18 11:11:19.741449,60,-1.36686977819109,0.9069847918180586,1.5278825636778468,-0.3480400092958007,17.639999605715275,2.241735830001429,146.43378503844596,42.96584537515531
20250718111119741449,2025-07-18 11:11:19.741449,61,-1.4155927599157752,0.9346942100474852,1.493809095329282,-0.3480400092958007,5.239999882876873,2.2603145226960653,146.5638285994105,41.3674411277506
20250718111119741449,2025-07-18 11:11:19.741449,62,-5.572758185407621,4.06844475310131,1.1258414943325794,0.0697200018621515,5.999999865889549,6.991094018279703,143.8683339870522,9.267231089986677
20250718111119741449,2025-07-18 11:11:19.741449,63,-5.623437833894614,4.105443909195294,1.117891742286071,0.0697200018621515,6.6399998515844345,7.051766070332841,143.8683339870522,9.121378932283694
20250718111119741449,2025-07-18 11:11:19.741449,64,-1.093755029363617,0.7889352505304923,1.6591741060071588,-0.4872000130126253,7.1199998408555984,2.138124787712932,144.19675248945308,50.89532835189553
20250718111119741449,2025-07-18 11:11:19.741449,65,-1.1467009790439466,0.8422382906021616,1.699076770749551,-0.4872000130126253,26.6399994045496,2.216111537445153,143.70315852970117,50.0578274341211
20250718111119741449,2025-07-18 11:11:19.741449,66,-1.1965746850260883,0.8788699370732543,1.6859886536788338,-0.4872000130126253,48.75999891012907,2.246499740367266,143.70315852970117,48.63334518878735
20250718111119741449,2025-07-18 11:11:19.741449,67,-1.2429570543972233,0.8965560009173801,1.6126811416756408,-0.4872000130126253,53.87999879568815,2.224746135309158,144.19675248945308,46.45913395986859
20250718111119741449,2025-07-18 11:11:19.741449,68,-1.2969323231513412,0.8987547504882211,1.538542846640915,-0.4872000130126253,47.23999894410372,2.203839296162452,145.27861821812232,44.276312879813176
20250718111119741449,2025-07-18 11:11:19.741449,69,-1.3466322844399876,0.9331960821675142,1.5208592695961325,-0.3480400092958007,19.239999569952488,2.2354611057196543,145.27861821812232,42.86971610383959
20250718111119741449,2025-07-18 11:11:19.741449,70,-1.398611554338387,0.9300033930637884,1.4407462390340011,-0.3480400092958007,5.759999871253967,2.212864730689524,146.37817571081595,40.62288335792498
20250718111119741449,2025-07-18 11:11:19.741449,71,-5.488527919546815,4.175292131523509,1.0972118255709686,0.0697200018621515,6.359999857842922,6.98289888924219,142.73863461852957,9.040258190966956
20250718111119741449,2025-07-18 11:11:19.741449,72,-1.128644347850928,0.8642171708948454,1.6931875475245863,-0.4872000130126253,28.519999362528324,2.210790232812164,142.5582651589765,49.98484150375979
20250718111119741449,2025-07-18 11:11:19.741449,73,-1.1770844791256478,0.8973759604314346,1.665343484455892,-0.4872000130126253,51.11999885737896,2.2280440764442764,142.67912622747158,48.36965718477112
20250718111119741449,2025-07-18 11:11:19.741449,74,-1.2332325473917296,0.9085151777458244,1.609476689902318,-0.4872000130126253,55.99999874830246,2.22186353304602,143.6211435480523,46.41741464608912
20250718111119741449,2025-07-18 11:11:19.741449,75,-1.2769229760161975,0.9236171117493548,1.5318809970190634,-0.4872000130126253,50.35999887436628,2.1977853045332707,144.12123270621353,44.18770219953228
20250718111119741449,2025-07-18 11:11:19.741449,76,-1.324056503690623,0.9532539193240992,1.4979734896157226,-0.3480400092958007,20.75999953597784,2.2148912468253825,144.24801548058986,42.55667810392652
20250718111119741449,2025-07-18 11:11:19.741449,77,-1.3774720361431791,0.9568191946902364,1.4335609666438014,-0.3480400092958007,6.11999986320734,2.206361082590249,145.21539527053528,40.521999015001896
20250718111119741449,2025-07-18 11:11:19.741449,78,-1.119446282764336,0.8750747051315101,1.6902782799940788,-0.4872000130126253,29.999999329447743,2.208156784147274,141.98514754961374,49.94884385563006
20250718111119741449,2025-07-18 11:11:19.741449,79,-1.1674916435507998,0.9086994876841856,1.6623093544730454,-0.4872000130126253,52.7599988207221,2.22531882808892,142.10513275487304,48.33102504386266
20250718111119741449,2025-07-18 11:11:19.741449,80,-1.2667262621600208,0.9359020963106784,1.528589245326828,-0.4872000130126253,53.11999881267548,2.1947877432803065,143.54170228468806,44.14394306076234
20250718111119741449,2025-07-18 11:11:19.741449,81,-1.313483410754615,0.965992364799414,1.494560233437784,-0.3480400092958007,22.239999502897263,2.2118070011987814,143.66763239939473,42.51001727401127
20250718111119741449,2025-07-18 11:11:19.741449,82,-1.3642808056177345,0.9637102635908612,1.413667524806725,-0.3480400092958007,6.6399998515844345,2.188253975072481,144.763112194281,40.24259576243657
20250718111119741449,2025-07-18 11:11:19.741449,83,-5.406804331229241,4.371859303196954,1.0465059526121068,0.0697200018621515,6.6399998515844345,7.031490706244417,141.04152593260008,8.559205175229287
20250718111119741449,2025-07-18 11:11:19.741449,84,-1.1479566987926573,0.9310657462642444,1.656316333548813,-0.4872000130126253,53.63999880105257,2.21992608051487,140.95575382711073,48.25481073104624
20250718111119741449,2025-07-18 11:11:19.741449,85,-1.2919442535957342,0.9911597018489294,1.4878166657997245,-0.3480400092958007,23.639999471604824,2.2057007820644454,142.50513615806145,42.41784973017364
20250718111119741449,2025-07-18 11:11:19.741449,86,-1.342356869641001,0.9898552468411016,1.406661997658698,-0.3480400092958007,6.999999843537808,2.1818417336801508,143.59490100225034,40.14416981290647
20250718111119741449,2025-07-18 11:11:19.741449,87,-1.0408015561593436,0.8508085122483928,1.6425952154967678,-0.5566400148672983,7.639999829232693,2.1225602572815,140.7355444489423,50.7031002046043
20250718111119741449,2025-07-18 11:11:19.741449,88,-1.090583563614468,0.9028388803635004,1.6678062157756948,-0.5566400148672983,31.119999304413795,2.1877084189859706,140.3803650447961,49.67208023054493
20250718111119741449,2025-07-18 11:11:19.741449,89,-1.1827800574398868,0.9668695584016156,1.5938406807307806,-0.4174800111504737,59.11999867856503,2.207743989413989,140.7355444489423,46.21420791955392
20250718111119741449,2025-07-18 11:11:19.741449,90,-1.2138634538318207,0.9958162193778952,1.5125353044357484,-0.4174800111504737,56.87999872863293,2.1801095097469627,140.63560019959027,43.93076928604327
20250718111119741449,2025-07-18 11:11:19.741449,91,-1.258669340928201,1.028118026096202,1.4779137126640602,-0.4872000130126253,25.359999433159828,2.196703013030448,140.75704253835565,42.28254995523815
20250718111119741449,2025-07-18 11:11:19.741449,92,-1.2852176940242293,1.0533195209855988,1.3896567966534523,-0.3480400092958007,7.519999831914902,2.166197716462517,140.66315130938543,39.90517421618562
20250718111119741449,2025-07-18 11:11:19.741449,93,-4.83944216285226,4.874758663745891,0.9097903331293836,0.0697200018621515,8.359999813139439,6.929010818840843,134.79169902191765,7.544814321578645
20250718111119741449,2025-07-18 11:11:19.741449,94,-4.593830942210206,5.011837551156417,0.8710960139988684,0.0697200018621515,8.119999818503857,6.854240047619735,132.50825113036746,7.301387882872632
20250718111119741449,2025-07-18 11:11:19.741449,95,-1.2273637975013765,1.0358741869165784,0.8765485580607657,-0.2088800055789761,5.639999873936176,1.8296979524433776,139.83620283950825,28.624507185621766
20250718111119741449,2025-07-18 11:11:19.741449,96,-1.247249087034957,0.9335186451477452,0.7090880721685615,-0.2088800055789761,6.999999843537808,1.711693091660927,143.18653846920094,24.47280074025648
20250718111119797886,2025-07-18 11:11:19.797886,1,-1.3938172449393853,0.5979515214425557,1.9496617991086755,-0.4872000130126253,43.5199990272522,2.470112075430903,156.7805314724555,52.120231770650925
20250718111119797886,2025-07-18 11:11:19.797886,2,-1.454821645072289,0.6077216499948227,1.886249496584844,-0.4872000130126253,45.35999898612499,2.458407774599212,157.32827603718846,50.1088924448427
20250718111119797886,2025-07-18 11:11:19.797886,3,-1.511822289502734,0.5975135987448762,1.7548324633565688,-0.4872000130126253,27.359999388456345,2.3920840516529567,158.4347101889288,47.189035953916736
20250718111119797886,2025-07-18 11:11:19.797886,4,-1.3241362376008927,0.5987217829122685,1.9448754651917803,-0.4872000130126253,24.75999944657088,2.427827243476446,155.66940764851452,53.2330283502176
20250718111119797886,2025-07-18 11:11:19.797886,5,-1.3817271724664637,0.6247621148835258,1.9424779222475683,-0.4872000130126253,48.75999891012907,2.464288570306881,155.66940764851452,52.02236353603329
20250718111119797886,2025-07-18 11:11:19.797886,6,-1.4356761537871612,0.6496048874697702,1.875026916927031,-0.4872000130126253,51.63999884575605,2.4492608002372056,155.65452589219805,49.95577681400373
20250718111119797886,2025-07-18 11:11:19.797886,7,-1.4987086326638406,0.6265940631357563,1.7470403764075106,-0.4872000130126253,30.23999932408333,2.3855602617364737,157.3107164340228,47.08289577198848
20250718111119797886,2025-07-18 11:11:19.797886,8,-1.3057654445624267,0.636828989474845,1.934664669967532,-0.4872000130126253,27.359999388456345,2.419401153853871,154.00125379954258,53.09631960336621
20250718111119797886,2025-07-18 11:11:19.797886,9,-1.36344458249246,0.6610222665566837,1.9170849691365484,-0.4872000130126253,54.63999877870083,2.4435929172636457,154.1350645400773,51.6777221225924
20250718111119797886,2025-07-18 11:11:19.797886,10,-1.4225492670437696,0.6732870138870101,1.85232136364789,-0.4872000130126253,58.35999869555235,2.430649348314568,154.67198896234808,49.646895398364094
20250718111119797886,2025-07-18 11:11:19.797886,11,-1.477915858224321,0.6697252741246753,1.7354834032544533,-0.4872000130126253,33.359999254345894,2.375851398922913,155.6220952501812,46.92564192320423
20250718111119797886,2025-07-18 11:11:19.797886,12,-1.2937061795625695,0.6585886141807851,1.9138105480214127,-0.4872000130126253,30.119999326765537,2.402100217618941,153.02066410404902,52.81838272620962
20250718111119797886,2025-07-18 11:11:19.797886,13,-1.3517986786274403,0.6763596273520446,1.865893864032363,-0.4872000130126253,60.87999863922596,2.401329199606816,153.41934355846195,50.989028028266986
20250718111119797886,2025-07-18 11:11:19.797886,14,-1.4087056454869742,0.6884643575746562,1.799161675487682,-0.4872000130126253,65.99999852478504,2.386507385662404,153.9542582109686,48.92838784050064
20250718111119797886,2025-07-18 11:11:19.797886,15,-1.4633139016060992,0.6981363183914423,1.7278706868870484,-0.4872000130126253,36.87999917566776,2.3694343215827574,154.4945332522252,46.82216714723281
20250718111119797886,2025-07-18 11:11:19.797886,16,-1.282010064114423,0.6730659224271884,1.864812267657577,-0.4872000130126253,33.2399992570281,2.360951573842552,152.30015445881628,52.17207634600165
20250718111119797886,2025-07-18 11:11:19.797886,17,-1.337768796488662,0.7023397196377917,1.8589325192851112,-0.4872000130126253,67.35999849438667,2.3955242737019606,152.30015445881628,50.89599969095144
20250718111119797886,2025-07-18 11:11:19.797886,18,-1.3865654136859584,0.7289677620831752,1.7883088209589133,-0.4872000130126253,73.99999834597111,2.3773948102294926,152.26746594095252,48.7824964010794
20250718111119797886,2025-07-18 11:11:19.797886,19,-1.448126638963991,0.7262596113105804,1.720335073260861,-0.4872000130126253,40.759999088943005,2.3630650752337723,153.36547318844987,46.71982613395916
20250718111119797886,2025-07-18 11:11:19.797886,20,-1.499361253216707,0.6623787180265408,1.5235343212163657,0.0697200018621515,8.239999815821648,2.237853114408153,156.16540799880818,42.90632659195322
20250718111119797886,2025-07-18 11:11:19.797886,21,-1.206525419085445,0.6649043847563227,1.8074389550393344,-0.4872000130126253,10.87999975681305,2.272583772704798,151.14126960749104,52.68580819604995
20250718111119797886,2025-07-18 11:11:19.797886,22,-1.260882658730636,0.7099123714458526,1.8549392913990712,-0.4872000130126253,36.63999918103218,2.3525731506152154,150.61926628314615,52.04299480340246
20250718111119797886,2025-07-18 11:11:19.797886,23,-1.3157224924350974,0.7407887389850997,1.848630135601232,-0.4872000130126253,73.75999835133553,2.386907415707569,150.61926628314615,50.758597410622265
20250718111119797886,2025-07-18 11:11:19.797886,24,-1.3711107521346635,0.7556057557178699,1.7811711920765114,-0.4872000130126253,82.11999816447496,2.3713826279570567,151.14126960749104,48.68669390533643
20250718111119797886,2025-07-18 11:11:19.797886,25,-1.4323601450002883,0.7540839039403968,1.7128795765207347,-0.4872000130126253,44.87999899685383,2.356746605562229,152.23487727277575,46.61865680121969
20250718111119797886,2025-07-18 11:11:19.797886,26,-1.4837998667479468,0.6911948016225059,1.5158130748877992,0.0697200018621515,8.51999980956316,2.2309418585772254,155.02260094082146,42.80066605656368
20250718111119797886,2025-07-18 11:11:19.797886,27,-1.192443309468464,0.688077415191546,1.8012297602480345,-0.4872000130126253,11.879999734461308,2.267112750790303,150.0136976927871,52.60841609629527
20250718111119797886,2025-07-18 11:11:19.797886,28,-1.2461661119148597,0.7341294096978589,1.8484503555563725,-0.4872000130126253,40.11999910324812,2.347050209438393,149.4972191177993,51.95836761730994
20250718111119797886,2025-07-18 11:11:19.797886,29,-1.3006910783322332,0.7623213524765656,1.8271551474295729,-0.4872000130126253,79.87999821454287,2.3688450895896827,149.6258813244997,50.47323919621726
20250718111119797886,2025-07-18 11:11:19.797886,30,-1.3551076645882636,0.7819398807074308,1.7741149845521784,-0.4872000130126253,90.11999798566104,2.365424008096473,150.0136976927871,48.59209829675891
20250718111119797886,2025-07-18 11:11:19.797886,31,-1.4160207261020763,0.7815980669353229,1.705507178765826,-0.4872000130126253,49.51999889314175,2.3504818594938044,151.1027095892468,46.518696575484825
20250718111119797886,2025-07-18 11:11:19.797886,32,-1.4676449801427525,0.7197045193402974,1.5081739190488777,0.0697200018621515,8.879999801516533,2.2240829465189287,153.87756730098576,42.69616391335861
20250718111119797886,2025-07-18 11:11:19.797886,33,-1.177884238448049,0.710973783850102,1.7950946967563688,-0.4872000130126253,13.119999706745148,2.2616940488999195,148.8847171399885,52.53214492842056
20250718111119797886,2025-07-18 11:11:19.797886,34,-1.231258958238803,0.7544813932282043,1.8279463210842573,-0.4872000130126253,43.75999902188778,2.3295125128954224,148.5011863320457,51.692061661209706
20250718111119797886,2025-07-18 11:11:19.797886,35,-1.2850031141947624,0.7756309971190005,1.7764602461019336,-0.4872000130126253,85.23999809473753,2.3256498990954326,148.8847171399885,49.80527100955389
20250718111119797886,2025-07-18 11:11:19.797886,36,-1.338562552068119,0.8079596037534498,1.767143020774716,-0.4872000130126253,97.23999782651664,2.359521748780743,148.8847171399885,48.49874335487348
20250718111119797886,2025-07-18 11:11:19.797886,37,-1.3991149178187676,0.8087910949975032,1.698220828856808,-0.4872000130126253,54.35999878495932,2.3442737835358267,149.9689361642666,46.4199823793028
20250718111119797886,2025-07-18 11:11:19.797886,38,-1.4509030551400812,0.7478964676734623,1.500619909259946,0.0697200018621515,9.119999796152117,2.2172796201292684,152.73026921191538,42.59286065655645
20250718111119797886,2025-07-18 11:11:19.797886,39,-1.1702520892420734,0.7186067124197789,1.77865044772208,-0.4872000130126253,14.359999679028988,2.247105465858725,148.44751755704326,52.32868383204254
20250718111119797886,2025-07-18 11:11:19.797886,40,-1.2236480352690131,0.7551596714810249,1.7826003225617173,-0.4872000130126253,47.35999894142151,2.290249888908672,148.31968883067353,51.10912549172589
20250718111119797886,2025-07-18 11:11:19.797886,41,-1.2768684156924377,0.7880039893226441,1.7731449128330108,-0.4872000130126253,89.35999800264835,2.322797046684644,148.31968883067353,49.76186616020856
20250718111119797886,2025-07-18 11:11:19.797886,42,-1.3298892811426366,0.8166337603577034,1.7484555681068858,-0.4872000130126253,102.8799977004528,2.3436281855913097,148.44751755704326,48.2490629035915
20250718111119797886,2025-07-18 11:11:19.797886,43,-1.380889010902172,0.8309319229380134,1.6752940780362855,-0.4872000130126253,59.35999867320061,2.3246317060754573,148.9631237114985,46.10988670315007
20250718111119797886,2025-07-18 11:11:19.797886,44,-1.4335807882864129,0.7757593702190593,1.4931540670240664,0.0697200018621515,9.519999787211418,2.2105351263658024,151.58067098757226,42.490796314544255
20250718111119797886,2025-07-18 11:11:19.797886,45,-1.4810547479205642,0.7590995510878094,1.3966509589020184,-0.3480400092958007,4.999999888241291,2.1726456673377936,152.86305296152955,40.003485449919125
20250718111119797886,2025-07-18 11:11:19.797886,46,-1.153778153780427,0.7294884349623706,1.7325607004963248,-0.4872000130126253,15.75999964773655,2.205702605926088,147.69644633126669,51.766161060753575
20250718111119797886,2025-07-18 11:11:19.797886,47,-1.2076904536230173,0.7786453802069521,1.7763073458749326,-0.4872000130126253,50.87999886274338,2.284747830045812,147.18853766279727,51.028891100274
20250718111119797886,2025-07-18 11:11:19.797886,48,-1.2602167876038706,0.8125111668998107,1.7665782343924428,-0.4872000130126253,91.99999794363976,2.317136035351535,147.18853766279727,49.67599593429737
20250718111119797886,2025-07-18 11:11:19.797886,49,-1.3125462084842452,0.8421585774574033,1.741616213978069,-0.4872000130126253,106.35999762266874,2.3377843475784394,147.3148746351164,48.15788190026245
20250718111119797886,2025-07-18 11:11:19.797886,50,-1.3628808512840465,0.8574355875197591,1.6681924425151418,-0.4872000130126253,64.51999855786562,2.318513753853256,147.82457904562057,46.013990528278455
20250718111119797886,2025-07-18 11:11:19.797886,51,-1.4156851082572175,0.8032820821880684,1.485779378578456,0.0697200018621515,9.879999779164793,2.203852715386088,150.4287392183348,42.390010433210016
20250718111119797886,2025-07-18 11:11:19.797886,52,-1.4629718914116792,0.787537612035973,1.3890310034366509,-0.3480400092958007,5.359999880194664,2.1656198590565743,151.70581730260196,39.89637701790603
20250718111119797886,2025-07-18 11:11:19.797886,53,-1.1380714359085131,0.7516267395024342,1.7266287596730203,-0.4872000130126253,17.11999961733818,2.2003173004128103,146.5576723182986,51.69461130024576
20250718111119797886,2025-07-18 11:11:19.797886,54,-1.1910711229665245,0.7979338604585201,1.7560852653726284,-0.4872000130126253,53.99999879300594,2.266976913179715,146.18069681911996,50.77217610027503
20250718111119797886,2025-07-18 11:11:19.797886,55,-1.242874628916418,0.8326385650650193,1.7454766307051497,-0.4872000130126253,92.999997921288,2.2988503630239743,146.18069681911996,49.40097701190139
20250718111119797886,2025-07-18 11:11:19.797886,56,-1.2933187795200445,0.8541581369291681,1.6893374635895952,-0.4872000130126253,107.51999759674072,2.292623094673185,146.5576723182986,47.46444114902249
20250718111119797886,2025-07-18 11:11:19.797886,57,-1.3443275575212783,0.8835860838163716,1.6611854381507911,-0.5566400148672983,69.35999844968319,2.3124614611598,146.68428445309402,45.91944473551213
20250718111119797886,2025-07-18 11:11:19.797886,58,-1.3972231730855826,0.830453594863159,1.4784987937000336,0.0697200018621515,10.359999768435957,2.1972356386152447,149.27444286514526,42.29054205930972
20250718111119797886,2025-07-18 11:11:19.797886,59,-1.444303865678419,0.8156206748957571,1.3815061694223791,-0.3480400092958007,5.879999868571758,2.158659314918204,150.54591261282684,39.79058312819901
20250718111119797886,2025-07-18 11:11:19.797886,60,-1.4959080004075025,0.8447623258982464,1.3594077455929572,-0.3480400092958007,5.119999885559082,2.1907426940921915,150.54591261282684,38.354387358280114
20250718111119797886,2025-07-18 11:11:19.797886,61,-1.1212919963509618,0.7694268711691299,1.7074803722038556,-0.4872000130126253,18.639999583363533,2.182842796130601,145.5422144813209,51.46500795072425
20250718111119797886,2025-07-18 11:11:19.797886,62,-1.1729237218885404,0.8086269893791527,1.7080828917688158,-0.4872000130126253,56.63999873399735,2.2242245458753884,145.41717748761758,50.16973967843435
20250718111119797886,2025-07-18 11:11:19.797886,63,-1.2252243710561337,0.8564793648898608,1.7390885076451712,-0.4872000130126253,92.11999794095756,2.2932859610906675,145.0449583289061,49.31799826554165
20250718111119797886,2025-07-18 11:11:19.797886,64,-1.2749521563522848,0.8789665555861067,1.6826900678449754,-0.4872000130126253,106.11999762803316,2.2868167987948604,145.41717748761758,47.376718158897454
20250718111119797886,2025-07-18 11:11:19.797886,65,-1.3318429047711018,0.8817207213273415,1.6107708858024414,-0.4872000130126253,73.75999835133553,2.268439948501153,146.49422289796846,45.24131879893525
20250718111119797886,2025-07-18 11:11:19.797886,66,-1.37820236729909,0.8572630400020286,1.4713152245255467,0.0697200018621515,10.99999975413084,2.1906871467425457,148.11775335249854,42.192429723895714
20250718111119797886,2025-07-18 11:11:19.797886,67,-1.434752738716047,0.8295255661069061,1.3777803650515092,-0.3480400092958007,6.359999857842922,2.1552045889890943,149.96494952905772,39.73819247829586
20250718111119797886,2025-07-18 11:11:19.797886,68,-1.4813344388202911,0.8170869989936485,1.2930773127229456,-0.3480400092958007,5.519999876618385,2.129326611921776,151.11937772308963,37.39240552863469
20250718111119797886,2025-07-18 11:11:19.797886,69,-1.1105404549386222,0.767642681878815,1.66487943258216,-0.6263600167294499,19.999999552965164,2.143454901352598,145.34647586888346,50.96187761295391
20250718111119797886,2025-07-18 11:11:19.797886,70,-1.1642989451549932,0.8199150018731993,1.7050582779368837,-0.4872000130126253,58.35999869555235,2.2215031791890034,144.8462774152366,50.13211506217983
20250718111119797886,2025-07-18 11:11:19.797886,71,-1.2149380431650008,0.8555757368695753,1.6922303158117384,-0.4872000130126253,89.63999799638987,2.252049673520061,144.8462774152366,48.713345832648336
20250718111119797886,2025-07-18 11:11:19.797886,72,-1.2655771411750083,0.8912364718659515,1.6794023536865934,-0.4872000130126253,102.63999770581722,2.2839396258694853,144.8462774152366,47.33336934616621
20250718111119797886,2025-07-18 11:11:19.797886,73,-1.3125294808907944,0.9072642480293114,1.6039265184508058,-0.4872000130126253,77.51999826729298,2.262397474041503,145.34647586888343,45.149542404325
20250718111119797886,2025-07-18 11:11:19.797886,74,-1.3684847567971794,0.8705286304017892,1.467760720290809,0.0697200018621515,11.639999739825726,2.187439635273176,147.5385029277315,42.14389396650362
20250718111119797886,2025-07-18 11:11:19.797886,75,-1.4152210320277805,0.8570551158434065,1.3704038444316216,-0.3480400092958007,6.8799998462200165,2.148348374430949,148.80098362498154,39.634450199968185
20250718111119797886,2025-07-18 11:11:19.797886,76,-1.461595268719747,0.845514464041372,1.285460196420544,-0.3480400092958007,5.759999871253967,2.122160068191997,149.9511589585652,37.28153221676729
20250718111119797886,2025-07-18 11:11:19.797886,77,-1.5163510761184538,0.9182992746651498,1.3254136375798211,-0.2783200074336491,4.999999888241291,2.213439733667648,148.80098362498154,36.78419373426382
20250718111119797886,2025-07-18 11:11:19.797886,78,-1.093755029363617,0.7889352505304923,1.6591741060071588,-0.6263600167294499,21.239999525249004,2.138124787712932,144.19675248945308,50.89532835189553
20250718111119797886,2025-07-18 11:11:19.797886,79,-1.1467009790439466,0.8422382906021616,1.699076770749551,-0.6263600167294499,59.35999867320061,2.216111537445153,143.70315852970117,50.0578274341211
20250718111119797886,2025-07-18 11:11:19.797886,80,-1.1965746850260883,0.8788699370732543,1.6859886536788338,-0.6263600167294499,85.9999980777502,2.246499740367266,143.70315852970117,48.63334518878735
20250718111119797886,2025-07-18 11:11:19.797886,81,-1.245762335465526,0.9109013505516642,1.6577928507919446,-0.6263600167294499,97.35999782383442,2.264937571554291,143.8257307041639,47.049072351989096
20250718111119797886,2025-07-18 11:11:19.797886,82,-1.2926910627417587,0.932429584379676,1.597183486898468,-0.4872000130126253,79.99999821186066,2.256428639319228,144.19675248945308,45.05919220821076
20250718111119797886,2025-07-18 11:11:19.797886,83,-1.3486399792433987,0.8967749142549851,1.460728049728027,-0.5566400148672983,12.519999720156193,2.181000109058438,146.37817571081595,42.04788676590555
20250718111119797886,2025-07-18 11:11:19.797886,84,-1.3951232558213698,0.8842018614181356,1.3631298958777398,-0.3480400092958007,7.639999829232693,2.1415660026495966,147.6342757237497,39.53212817718654
20250718111119797886,2025-07-18 11:11:19.797886,85,-1.4412714800255255,0.8735549377321735,1.2779467741397077,-0.3480400092958007,6.11999986320734,2.115067295833708,148.77993796106554,37.17208222521064
20250718111119797886,2025-07-18 11:11:19.797886,86,-1.0851978323086484,0.7994588722090411,1.656354310076941,-0.6263600167294499,22.239999502897263,2.135485524210268,143.6211435480523,50.86251166772729
20250718111119797886,2025-07-18 11:11:19.797886,87,-1.2825774524194236,0.9448672795914188,1.593850816510777,-0.5566400148672983,81.2399981841445,2.2534727694803096,143.6211435480523,45.01456234058677
20250718111119797886,2025-07-18 11:11:19.797886,88,-1.3282557637036616,0.9226326029296618,1.453799502929512,-0.5566400148672983,13.519999697804453,2.1746372774600493,145.21539527053528,41.95332956734914
20250718111119797886,2025-07-18 11:11:19.797886,89,-1.3744674489389703,0.9109549444953006,1.3559614288721706,-0.3480400092958007,8.359999813139439,2.1348609031228,146.46480148464576,39.43126784824085
20250718111119797886,2025-07-18 11:11:19.797886,90,-1.260764560792541,0.9642509778042252,1.571713844726057,-0.5566400148672983,80.87999819219112,2.233739384003957,142.59071775329394,44.71852950431525
20250718111119797886,2025-07-18 11:11:19.797886,91,-1.315535848151093,0.9292774579576896,1.4346168421664056,-0.5566400148672983,14.759999670088291,2.15692295770304,144.763112194281,41.69168311499427
20250718111119797886,2025-07-18 11:11:19.797886,92,-1.361076995775225,0.883305555983214,1.2921680520531102,-0.3480400092958007,9.239999793469906,2.0742366230510094,147.0174188194215,38.53266971398107
20250718111119797886,2025-07-18 11:11:19.797886,93,-1.057870105220556,0.826120728824074,1.634874589090724,-0.6263600167294499,23.23999948054552,2.1152729233285084,142.0127144518084,50.614177875049336
20250718111119797886,2025-07-18 11:11:19.797886,94,-1.2943952416196522,0.9544882962054856,1.4278616184173971,-0.5566400148672983,16.239999637007713,2.150650076249132,143.59490100225034,41.59959594951479
20250718111119797886,2025-07-18 11:11:19.797886,95,-1.361346047344824,1.0100872688316131,1.1490466799040386,-0.3480400092958007,5.759999871253967,2.0478885770167228,143.42543995607798,34.131106552736064
20250718111119797886,2025-07-18 11:11:19.797886,96,-1.197625149721094,1.031419218546354,1.3552382818671973,-0.4872000130126253,27.759999379515648,2.082018828990169,139.26429766746546,40.61138563124809
20250718111119797886,2025-07-18 11:11:19.797886,97,-1.2806819883169538,1.0140295079673336,1.167341383808138,-0.1391600037168245,8.239999815821648,2.007756983446712,141.62821720988566,35.55017547000277
20250718111119797886,2025-07-18 11:11:19.797886,98,-1.2031366114500237,1.0569681039392649,1.2456353125727553,-0.3480400092958007,17.23999961465597,2.028873236672177,138.70035575101355,37.87597226420378
20250718111119797886,2025-07-18 11:11:19.797886,99,-1.2776582598813373,0.921799231882242,0.8340343435629296,-0.4174800111504737,6.519999854266644,1.782621030725304,144.1904717636899,27.896101930163866
20250718111119797886,2025-07-18 11:11:19.797886,100,-4.426894875945919,5.162982307258288,0.5445808001274834,0.0697200018621515,5.359999880194664,6.822781895649738,130.61077076072527,4.578104406439868
20250718111119797886,2025-07-18 11:11:19.797886,101,-4.333267775251703,5.158143483954602,0.5465321602111166,0.0697200018621515,7.879999823868275,6.758872037199935,130.03304164322398,4.638083333227522
20250718111119797886,2025-07-18 11:11:19.797886,102,-4.240190915362434,5.15201879837997,0.548828066051827,0.0697200018621515,5.639999873936176,6.695052572136301,129.45490712891075,4.702107574497796
20250718111119797886,2025-07-18 11:11:19.797886,103,-1.2096187580086577,0.9691185959379264,0.6995490941037446,-0.4174800111504737,5.759999871253967,1.7005109019881277,141.29909894646934,24.291292018811987
20250718111119858776,2025-07-18 11:11:19.858776,1,-1.3787824377090998,0.6081488117415431,1.821336962420423,-0.4174800111504737,17.11999961733818,2.3639277312211875,156.19884159655209,50.39617265991136
20250718111119858776,2025-07-18 11:11:19.858776,2,-1.4362506348656738,0.6334966946691561,1.813890216373037,-0.4174800111504737,20.75999953597784,2.3988188062800035,156.19884159655209,49.12680914652892
20250718111119858776,2025-07-18 11:11:19.858776,3,-1.2514763837533234,0.5959197193109383,1.883519388532196,-0.4872000130126253,13.999999687075617,2.338580496355133,154.53745418083508,53.65000504751031
20250718111119858776,2025-07-18 11:11:19.858776,4,-1.308905666339291,0.6082077485145252,1.821975971646792,-0.4872000130126253,15.87999964505434,2.32438102513045,155.07717255800802,51.61483527732469
20250718111119858776,2025-07-18 11:11:19.858776,5,-1.3658341747772902,0.6346606555755832,1.814233135275232,-0.4174800111504737,19.63999956101179,2.357909881623085,155.07717255800802,50.302218662886894
20250718111119858776,2025-07-18 11:11:19.858776,6,-1.422762683215289,0.6611135626366412,1.8064902989036724,-0.4174800111504737,23.35999947786331,2.392641217459308,155.07717255800802,49.02705625415547
20250718111119858776,2025-07-18 11:11:19.858776,7,-1.480835998648449,0.636542861406801,1.6764660953701411,-0.4174800111504737,11.879999734461308,2.325639834158917,156.7393689705886,46.12572003689134
20250718111119858776,2025-07-18 11:11:19.858776,8,-1.2396074982586625,0.6058225028539281,1.823269897582392,-0.4872000130126253,15.999999642372131,2.2864734361311534,153.9542582109686,52.8840271151092
20250718111119858776,2025-07-18 11:11:19.858776,9,-1.2959735473347664,0.6333697877608375,1.8152338235508216,-0.4872000130126253,18.35999958962202,2.318572525844857,153.9542582109686,51.52779812599035
20250718111119858776,2025-07-18 11:11:19.858776,10,-1.3523395964108702,0.6609170726677468,1.807197749519252,-0.4174800111504737,22.75999949127436,2.3519348347332816,153.9542582109686,50.20932381609074
20250718111119858776,2025-07-18 11:11:19.858776,11,-1.4087056454869742,0.6884643575746562,1.799161675487682,-0.4174800111504737,26.359999410808086,2.386507385662404,153.9542582109686,48.92838784050064
20250718111119858776,2025-07-18 11:11:19.858776,12,-1.4592151186681708,0.6791441251696192,1.6650511211483487,-0.4174800111504737,12.11999972909689,2.3158023968679937,155.04191136770322,45.97159564777144
20250718111119858776,2025-07-18 11:11:19.858776,13,-1.1646447749622213,0.6122960279019046,1.8221901230606967,-0.4872000130126253,10.119999773800371,2.2475944300988138,152.26746594095252,54.16722397750584
20250718111119858776,2025-07-18 11:11:19.858776,14,-1.2201249346431555,0.6414639614472224,1.813719797535252,-0.4872000130126253,18.639999583363533,2.2781045572898626,152.26746594095252,52.7642962574551
20250718111119858776,2025-07-18 11:11:19.858776,15,-1.27560509432409,0.6706318949925398,1.805249472009805,-0.4872000130126253,21.359999522566795,2.3099439714933645,152.26746594095252,51.39924334504762
20250718111119858776,2025-07-18 11:11:19.858776,16,-1.336698403058307,0.6703764964500033,1.7418543027210205,-0.4174800111504737,26.359999410808086,2.295696774323417,153.3654731884499,49.353908714253336
20250718111119858776,2025-07-18 11:11:19.858776,17,-1.3865654136859584,0.7289677620831752,1.7883088209589133,-0.5566400148672983,29.999999329447743,2.3773948102294926,152.26746594095252,48.7824964010794
20250718111119858776,2025-07-18 11:11:19.858776,18,-1.4440703959711307,0.7071886439630902,1.6575366149855189,-0.4174800111504737,12.359999723732471,2.309303513332153,153.90813246940326,45.87023951624096
20250718111119858776,2025-07-18 11:11:19.858776,19,-1.1514908904242045,0.6311388085461668,1.8033969390232645,-0.4872000130126253,11.519999742507936,2.2308088188057447,151.2725980566151,53.940384252774685
20250718111119858776,2025-07-18 11:11:19.858776,20,-1.206525419085445,0.6649043847563227,1.8074389550393344,-0.4872000130126253,21.87999951094389,2.272583772704798,151.14126960749104,52.68580819604995
20250718111119858776,2025-07-18 11:11:19.858776,21,-1.261387196768518,0.6951381750768385,1.7986830340517266,-0.4872000130126253,25.23999943584204,2.3042515920806523,151.14126960749104,51.3149167920506
20250718111119858776,2025-07-18 11:11:19.858776,22,-1.322145085181227,0.6960598079255182,1.7349724801521988,-0.4174800111504737,30.879999309778214,2.289693514286061,152.23487727277575,49.26460187706271
20250718111119858776,2025-07-18 11:11:19.858776,23,-1.3711107521346635,0.7556057557178699,1.7811711920765114,-0.5566400148672983,34.11999923735857,2.3713826279570567,151.14126960749104,48.68669390533643
20250718111119858776,2025-07-18 11:11:19.858776,24,-1.428348064395538,0.7349349999753664,1.650102001299123,-0.4174800111504737,12.519999720156193,2.3028556754479084,152.77259637045643,45.77004238859868
20250718111119858776,2025-07-18 11:11:19.858776,25,-1.6458263937691724,0.7616903468084945,1.444352448569294,-0.2783200074336491,5.359999880194664,2.3184198710623143,155.16524618986904,38.53481207232012
20250718111119858776,2025-07-18 11:11:19.858776,26,-1.7084862658444226,0.5107156527159706,1.186461699473032,0.3480400092958007,5.999999865889549,2.141832664524601,163.35708288468334,33.63821479097934
20250718111119858776,2025-07-18 11:11:19.858776,27,-1.1436262281520877,0.6312450324655567,1.7621576378383974,-0.4872000130126253,12.999999709427357,2.1935247391634345,151.1027095892468,53.45074631314476
20250718111119858776,2025-07-18 11:11:19.858776,28,-1.192443309468464,0.688077415191546,1.8012297602480345,-0.4872000130126253,25.75999942421913,2.267112750790303,150.0136976927871,52.60841609629527
20250718111119858776,2025-07-18 11:11:19.858776,29,-1.2525840273320832,0.6913862462534631,1.7394974542093689,-0.4872000130126253,29.879999332129955,2.252295069531697,151.1027095892468,50.5628796619216
20250718111119858776,2025-07-18 11:11:19.858776,30,-1.307062926922081,0.7214568531474164,1.7281673623948546,-0.4174800111504737,36.35999918729067,2.2837416487716555,151.1027095892468,49.17643931143384
20250718111119858776,2025-07-18 11:11:19.858776,31,-1.354904396753659,0.7777311702132175,1.7588794857195795,-0.5566400148672983,38.87999913096428,2.3525069059938573,150.14366566693764,48.388237426822926
20250718111119858776,2025-07-18 11:11:19.858776,32,-1.4140107225322764,0.7283075966621918,1.584214023860783,-0.4174800111504737,12.639999717473984,2.2449036398449893,152.7485838753443,44.88560234449874
20250718111119858776,2025-07-18 11:11:19.858776,33,-1.6279074416523682,0.7933132408054384,1.435879119660478,-0.1391600037168245,5.999999865889549,2.311098739323211,154.01906045664947,38.410923120141234
20250718111119858776,2025-07-18 11:11:19.858776,34,-1.6866044931266255,0.5599104289801468,1.173279998901216,0.3480400092958007,6.7599998489022255,2.1294882860765614,161.6351267744303,33.43345031082092
20250718111119858776,2025-07-18 11:11:19.858776,35,-1.7372775798376665,0.4727092281712196,1.0769867023922972,0.3480400092958007,4.999999888241291,2.09797229746598,164.77846140806332,30.88699558625601
20250718111119858776,2025-07-18 11:11:19.858776,36,-1.129972525628874,0.6532070415954593,1.7562729352278752,-0.4872000130126253,14.759999670088291,2.188152638843992,149.9689361642666,53.38181154292559
20250718111119858776,2025-07-18 11:11:19.858776,37,-1.1838010040668527,0.684323852275868,1.7446625139536618,-0.4872000130126253,30.759999312460423,2.216648650467296,149.9689361642666,51.9127390059471
20250718111119858776,2025-07-18 11:11:19.858776,38,-1.2376294825048315,0.7154406629562768,1.7330520926794484,-0.4872000130126253,35.759999200701714,2.2465644068481785,149.9689361642666,50.48187111868636
20250718111119858776,2025-07-18 11:11:19.858776,39,-1.29145796094281,0.7465574736366855,1.721441671405235,-0.4174800111504737,42.87999904155731,2.277843970594957,149.9689361642666,49.089451825784536
20250718111119858776,2025-07-18 11:11:19.858776,40,-1.3452864393807888,0.7776742843170945,1.709831250131021,-0.5566400148672983,44.23999901115894,2.3104319510417435,149.9689361642666,47.73553061227514
20250718111119858776,2025-07-18 11:11:19.858776,41,-1.397506922712311,0.7554656763765917,1.5769370383333294,-0.4174800111504737,12.639999717473984,2.2384111351759013,151.60518705144185,44.78831255520458
20250718111119858776,2025-07-18 11:11:19.858776,42,-1.605629494404697,0.7825055297471701,1.3617994618677915,-0.1391600037168245,6.6399998515844345,2.2460763014044267,154.01765334697848,37.32255610145396
20250718111119858776,2025-07-18 11:11:19.858776,43,-1.6632048902752496,0.6084490792971228,1.1602741067470856,0.3480400092958007,7.639999829232693,2.1172380102201003,159.90599975069472,33.23080792711963
20250718111119858776,2025-07-18 11:11:19.858776,44,-1.7156341294844026,0.5227418284930837,1.0635805075408244,0.3480400092958007,5.359999880194664,2.0851529875596166,163.05438463906307,30.668700910185905
20250718111119858776,2025-07-18 11:11:19.858776,45,-1.115866849181712,0.6749009067824724,1.7504600815703053,-0.4872000130126253,16.8799996227026,2.1828331489716857,148.83352503749808,53.31395281943993
20250718111119858776,2025-07-18 11:11:19.858776,46,-1.1690233757949624,0.7070511476817314,1.7385727535035171,-0.4872000130126253,36.87999917566776,2.2111472582842384,148.83352503749808,51.83887784140464
20250718111119858776,2025-07-18 11:11:19.858776,47,-1.222179902408213,0.7392013885809906,1.7266854254367288,-0.4872000130126253,43.119999036192894,2.240889324608922,148.83352503749808,50.40202670906644
20250718111119858776,2025-07-18 11:11:19.858776,48,-1.2753364290214633,0.7713516294802497,1.7147980973699404,-0.4174800111504737,50.519998870790005,2.2720032698556185,148.83352503749808,49.0036696383243
20250718111119858776,2025-07-18 11:11:19.858776,49,-1.3284929556347138,0.8035018703795089,1.702910769303152,-0.5566400148672983,49.99999888241291,2.3044335262886366,148.83352503749808,47.64387927220108
20250718111119858776,2025-07-18 11:11:19.858776,50,-1.380444138781426,0.7822995169887449,1.5697469324114774,-0.4174800111504737,12.639999717473984,2.2319775954054872,150.4597148263742,44.69226164887333
20250718111119858776,2025-07-18 11:11:19.858776,51,-1.5868891925537807,0.8133439195174708,1.3535363402329632,-0.1391600037168245,7.35999983549118,2.2387063820857067,152.86305296152955,37.2005283368751
20250718111119858776,2025-07-18 11:11:19.858776,52,-1.6461954720303096,0.5619743941073897,1.0967693466411998,0.3480400092958007,8.639999806880951,2.056374905385014,161.15124054395736,32.23214051561465
20250718111119858776,2025-07-18 11:11:19.858776,53,-1.6924467242854473,0.5721248308910055,1.0503483719284772,0.3480400092958007,5.879999868571758,2.0724223602054206,161.32238183702037,30.452347630095
20250718111119858776,2025-07-18 11:11:19.858776,54,-1.1007086680610665,0.692493978910803,1.732020994859781,-0.4872000130126253,19.119999572634697,2.1658726207714865,147.82457904562057,53.10025941085591
20250718111119858776,2025-07-18 11:11:19.858776,55,-1.153778153780427,0.7294884349623706,1.7325607004963248,-0.4872000130126253,44.359999008476734,2.205702605926088,147.69644633126669,51.766161060753575
20250718111119858776,2025-07-18 11:11:19.858776,56,-1.2055775413502583,0.7584706223543854,1.706489573921925,-0.4872000130126253,52.11999883502722,2.2227913890167508,147.82457904562057,50.14991460470728
20250718111119858776,2025-07-18 11:11:19.858776,57,-1.2580119779948542,0.7914589440761767,1.6937238634529972,-0.4174800111504737,59.239998675882816,2.253375672755621,147.82457904562057,48.73250802488664
20250718111119858776,2025-07-18 11:11:19.858776,58,-1.3111680924431417,0.8289998875390132,1.696078596196668,-0.5566400148672983,55.99999874830246,2.298496287718809,147.69644633126669,47.55350538813571
20250718111119858776,2025-07-18 11:11:19.858776,59,-1.3628291956253868,0.8087983853206657,1.562646582041601,-0.4174800111504737,12.519999720156193,2.225606116300131,149.3121357343347,44.59748551402246
20250718111119858776,2025-07-18 11:11:19.858776,60,-1.567514156212457,0.8438141311279376,1.3453718716387333,-0.1391600037168245,8.239999815821648,2.23140054468362,151.70581730260196,37.07982503934749
20250718111119858776,2025-07-18 11:11:19.858776,61,-1.6303353021928446,0.5936243053585413,1.0882887784809372,0.3480400092958007,9.759999781847,2.0481102213641176,159.99283852791334,32.097553523178874
20250718111119858776,2025-07-18 11:11:19.858776,62,-1.6761409495800157,0.6046639731320371,1.0416295350425917,0.3480400092958007,6.359999857842922,2.063991058976725,160.16320829260977,30.309293284763427
20250718111119858776,2025-07-18 11:11:19.858776,63,-1.0857244005467623,0.7136140041284595,1.726361901158585,-0.4872000130126253,21.639999516308308,2.160640607459454,146.68428445309402,53.03515866311082
20250718111119858776,2025-07-18 11:11:19.858776,64,-1.1374450319416656,0.7476084200660419,1.713326608557026,-0.4872000130126253,53.11999881267548,2.188192774421838,146.68428445309402,51.53488653319253
20250718111119858776,2025-07-18 11:11:19.858776,65,-1.1891656633365688,0.7816028360036242,1.7002913159554671,-0.4872000130126253,62.759998597204685,2.217207371271615,146.68428445309402,50.07289869047849
20250718111119858776,2025-07-18 11:11:19.858776,66,-1.2466978875113848,0.7899577210393142,1.647129421742355,-0.4174800111504737,68.63999846577644,2.2116338204423176,147.64001533982645,48.13821782571845
20250718111119858776,2025-07-18 11:11:19.858776,67,-1.292606926126375,0.849591667878789,1.67422073075235,-0.5566400148672983,61.63999862223864,2.2793976666829927,146.68428445309402,47.265100108148005
20250718111119858776,2025-07-18 11:11:19.858776,68,-1.3428439511028925,0.8295272365059302,1.5402272913413018,-0.4174800111504737,12.359999723732471,2.2053674120452937,148.29475247372224,44.29872879125914
20250718111119858776,2025-07-18 11:11:19.858776,69,-1.547512135136586,0.8739039769007355,1.337309321763535,-0.1391600037168245,9.239999793469906,2.224162357228798,150.54591261282684,36.96049697029648
20250718111119858776,2025-07-18 11:11:19.858776,70,-1.6053243906214931,0.6405089296456564,1.075726081265768,0.3480400092958007,11.119999751448631,2.035805661156167,158.24847775793089,31.897624047041383
20250718111119858776,2025-07-18 11:11:19.858776,71,-1.655343243276148,0.555649773717521,0.9779270929756684,0.3480400092958007,6.8799998462200165,2.0013119005462814,161.44462073570682,29.25143024185552
20250718111119858776,2025-07-18 11:11:19.858776,72,-1.0756413727553713,0.7121074742958502,1.68564540366435,-0.5566400148672983,24.119999460875988,2.122616744639932,146.49422289796846,52.57368170912026
20250718111119858776,2025-07-18 11:11:19.858776,73,-1.1212919963509618,0.7694268711691299,1.7074803722038556,-0.4872000130126253,62.639998599886894,2.182842796130601,145.5422144813209,51.46500795072425
20250718111119858776,2025-07-18 11:11:19.858776,74,-1.1781219855616636,0.7799527731084467,1.6556955965195868,-0.4872000130126253,74.75999832898378,2.176608749747566,146.49422289796846,49.52389207763844
20250718111119858776,2025-07-18 11:11:19.858776,75,-1.2293622919648095,0.813875422514745,1.640720692947205,-0.4174800111504737,77.63999826461077,2.205830737056604,146.49422289796843,48.057055841313314
20250718111119858776,2025-07-18 11:11:19.858776,76,-1.2742504121004907,0.8743864317761337,1.6675769937895362,-0.5566400148672983,66.51999851316214,2.2735608140158945,145.5422144813209,47.17765856003771
20250718111119858776,2025-07-18 11:11:19.858776,77,-1.333574365901686,0.8424534518073838,1.5367637223900863,-0.5566400148672983,12.11999972909689,2.2022241362555484,147.71833765451444,44.252641717677314
20250718111119858776,2025-07-18 11:11:19.858776,78,-1.383489860182625,0.7998871014514833,1.4000119096980237,-0.4872000130126253,4.999999888241291,2.1245933529955567,149.96494952905772,41.220241580455394
20250718111119858776,2025-07-18 11:11:19.858776,79,-1.4302330462621329,0.7889000599773689,1.317463928468936,0.0697200018621515,5.119999885559082,2.0984854238400983,151.11937772308966,38.88921637449814
20250718111119858776,2025-07-18 11:11:19.858776,80,-1.5324358313784494,0.8452739380099276,1.2686906969769551,-0.1391600037168245,10.359999768435957,2.1615789812466355,151.11937772308966,35.93929407095561
20250718111119858776,2025-07-18 11:11:19.858776,81,-1.5814250582954457,0.6631761906318956,1.050846434918648,0.3480400092958007,12.639999717473984,2.0112150816377192,157.24908711814942,31.499647221019693
20250718111119858776,2025-07-18 11:11:19.858776,82,-1.6389882863331822,0.5874716327900108,0.969400451535538,0.1391600037168245,7.239999838173389,1.9927726306600173,160.28051658596675,29.108049495802355
20250718111119858776,2025-07-18 11:11:19.858776,83,-1.0600431984505791,0.7327372903411911,1.6801176611149984,-0.5566400148672983,26.519999407231808,2.117401916129391,145.34647586888346,52.51199328966115
20250718111119858776,2025-07-18 11:11:19.858776,84,-1.1105404549386222,0.767642681878815,1.66487943258216,-0.4872000130126253,71.75999839603901,2.143454901352598,145.34647586888346,50.96187761295391
20250718111119858776,2025-07-18 11:11:19.858776,85,-1.1610377114266652,0.8025480734164391,1.6496412040493214,-0.4872000130126253,86.35999806970358,2.171038479529232,145.34647586888346,49.45006730206849
20250718111119858776,2025-07-18 11:11:19.858776,86,-1.2115349679147085,0.8374534649540633,1.6344029755164828,-0.5566400148672983,84.99999810010195,2.2000950822227643,145.34647586888343,47.97718636597618
20250718111119858776,2025-07-18 11:11:19.858776,87,-1.262032224402751,0.8723588564916872,1.6191647469836443,-0.5566400148672983,69.87999843806028,2.2305671448770714,145.34647586888346,46.54362152420207
20250718111119858776,2025-07-18 11:11:19.858776,88,-1.3179782894988652,0.8384001572235158,1.4874039977493203,-0.4872000130126253,11.9999997317791,2.156931210711976,147.5385029277315,43.5978754695429
20250718111119858776,2025-07-18 11:11:19.858776,89,-1.364656009982444,0.8264330364325351,1.3928989478575218,-0.4872000130126253,5.239999882876873,2.117886934713677,148.80098362498154,41.12342936142872
20250718111119858776,2025-07-18 11:11:19.858776,90,-1.4111748156264696,0.816346866631709,1.3101095787910926,0.0697200018621515,5.519999876618385,2.091464481017544,149.9511589585652,38.78558798341373
20250718111119858776,2025-07-18 11:11:19.858776,91,-1.5120157218130243,0.8746820614510346,1.2608108140499956,-0.1391600037168245,11.639999739825726,2.1542757856085664,149.95115895856523,35.82133920492893
20250718111119858776,2025-07-18 11:11:19.858776,92,-1.5633852052781636,0.6935537370681605,1.0427067958830118,0.3480400092958007,14.239999681711195,2.0031044776707163,156.07682182813514,31.36884210363405
20250718111119858776,2025-07-18 11:11:19.858776,93,-1.613228766809129,0.6345961727950512,0.9567734690974992,0.1391600037168245,7.759999826550484,1.9800592990502817,158.52680086408705,28.894899843904007
20250718111119858776,2025-07-18 11:11:19.858776,94,-1.0440210210190817,0.7530616670681963,1.6746717607843316,-0.5566400148672983,28.359999366104603,2.1122517068535536,144.1967524894531,52.45144981262545
20250718111119858776,2025-07-18 11:11:19.858776,95,-1.093755029363617,0.7889352505304923,1.6591741060071588,-0.4872000130126253,78.35999824851751,2.138124787712932,144.19675248945308,50.89532835189553
20250718111119858776,2025-07-18 11:11:19.858776,96,-1.1434890377081524,0.8248088339927881,1.643676451229986,-0.4872000130126253,95.63999786227942,2.165536669816344,144.19675248945308,49.377505721400034
20250718111119858776,2025-07-18 11:11:19.858776,97,-1.193223046052688,0.8606824174550841,1.6281787964528134,-0.5566400148672983,89.35999800264835,2.194429687769949,144.1967524894531,47.89863630304433
20250718111119858776,2025-07-18 11:11:19.858776,98,-1.2429570543972233,0.8965560009173801,1.6126811416756408,-0.5566400148672983,71.11999841034412,2.224746135309158,144.19675248945308,46.45913395986859
20250718111119858776,2025-07-18 11:11:19.858776,99,-1.2988659202555053,0.8636777733070858,1.480630880933144,-0.4872000130126253,11.879999734461308,2.150641713647051,146.37817571081595,43.50833100295537
20250718111119858776,2025-07-18 11:11:19.858776,100,-1.345276315597841,0.8526098446212442,1.3858848932429328,-0.4872000130126253,5.519999876618385,2.1112529099500468,147.6342757237497,41.02799463574512
20250718111119858776,2025-07-18 11:11:19.858776,101,-1.3915521339052015,0.8434200319173057,1.3028553460162624,0.0697200018621515,5.879999868571758,2.084515949629233,148.77993796106554,38.68334510372937
20250718111119858776,2025-07-18 11:11:19.858776,102,-1.4449701960448984,0.9157938782150272,1.3403748985125468,-0.1391600037168245,4.999999888241291,2.1732975321839096,147.6342757237497,38.07897591940529
20250718111119858776,2025-07-18 11:11:19.858776,103,-1.4909908261458498,0.9036898435470412,1.2530382022631523,-0.1391600037168245,13.119999706745148,2.147047673739927,148.77993796106554,35.70484391470411
20250718111119858776,2025-07-18 11:11:19.858776,104,-1.5447200190515822,0.723576728240157,1.0346621596441086,0.3480400092958007,15.999999642372131,1.995056140440379,154.90069971216116,31.23926386381921
20250718111119858776,2025-07-18 11:11:19.858776,105,-1.5952477149598907,0.6655887081615082,0.948469044274664,0.1391600037168245,8.119999818503857,1.9716533996785928,157.3525313862316,28.754173226545426
20250718111119858776,2025-07-18 11:11:19.858776,106,-1.0348663577507446,0.7589295931013859,1.6594156135711795,-0.5566400148672983,29.639999337494373,2.097756583651483,143.74516867142992,52.28308643401969
20250718111119858776,2025-07-18 11:11:19.858776,107,-1.0841642655856043,0.7950827068379045,1.6431912020165775,-0.4872000130126253,80.63999819755554,2.1231217562518987,143.74516867142995,50.70998038290753
20250718111119858776,2025-07-18 11:11:19.858776,108,-1.1334621734204635,0.8312358205744231,1.6269667904619751,-0.5566400148672983,99.51999777555466,2.1500489355471,143.74516867142995,49.175143852912605
20250718111119858776,2025-07-18 11:11:19.858776,109,-1.182760081255323,0.8673889343109418,1.6107423789073734,-0.5566400148672983,89.51999799907207,2.178480200594982,143.74516867142995,47.67931879684243
20250718111119858776,2025-07-18 11:11:19.858776,110,-1.2332325473917296,0.9085151777458244,1.609476689902318,-0.5566400148672983,70.23999843001366,2.22186353304602,143.6211435480523,46.41741464608912
20250718111119858776,2025-07-18 11:11:19.858776,111,-1.325358528647831,0.8784070556438229,1.3789725513824576,-0.4872000130126253,5.759999871253967,2.1046946292349964,146.46480148464576,40.93397463156459
20250718111119858776,2025-07-18 11:11:19.858776,112,-1.4739369966054154,0.873039390443591,1.1857685482425078,-0.0697200018621515,14.879999667406082,2.0834430871107217,149.36097813661067,34.690201823048255
20250718111119858776,2025-07-18 11:11:19.858776,113,-1.525436965440992,0.7532331553522544,1.0267157439490298,0.0697200018621515,17.879999600350857,1.987074065234748,153.72067407095537,31.11097047097891
20250718111119858776,2025-07-18 11:11:19.858776,114,-1.5766285853228774,0.6962277011455988,0.940259350847674,0.1391600037168245,8.51999980956316,1.9633080132155,156.17409600899185,28.61461921155394
20250718111119858776,2025-07-18 11:11:19.858776,115,-1.0182360982921512,0.7787617005958394,1.6541016163838336,-0.5566400148672983,29.759999334812164,2.092684088796912,142.59071775329394,52.22487944645547
20250718111119858776,2025-07-18 11:11:19.858776,116,-1.066741790792229,0.8158595560375165,1.6376240620522782,-0.4872000130126253,77.63999826461077,2.1178709667996656,142.59071775329394,50.645800940721294
20250718111119858776,2025-07-18 11:11:19.858776,117,-1.1152474832923072,0.8529574114791936,1.621146507720723,-0.5566400148672983,96.99999783188105,2.144628008369332,142.59071775329394,49.10497781130695
20250718111119858776,2025-07-18 11:11:19.858776,118,-1.1637531757923851,0.8900552669208708,1.6046689533891678,-0.5566400148672983,85.87999808043242,2.1728972093294088,142.59071775329394,47.60318339502085
20250718111119858776,2025-07-18 11:11:19.858776,119,-1.212258868292463,0.927153122362548,1.5881913990576124,-0.5566400148672983,67.35999849438667,2.20262034769974,142.59071775329394,46.14093811880023
20250718111119858776,2025-07-18 11:11:19.858776,120,-1.4525630268329068,0.9013081516427822,1.1781939565081565,-0.0697200018621515,16.639999628067017,2.0761591293280115,148.18060368551056,34.57519334948868
20250718111119858776,2025-07-18 11:11:19.858776,121,-1.5055437574103891,0.7825111562295518,1.0188707272579602,0.0697200018621515,19.519999563694,1.9791622656983603,152.53670120342784,30.9840198696153
20250718111119858776,2025-07-18 11:11:19.858776,122,-1.0062744690406396,0.7754686166390121,1.61402027574835,-0.5566400148672983,29.11999934911728,2.0540207722809973,142.38095628948082,51.79341006186287
20250718111119858776,2025-07-18 11:11:19.858776,123,-1.057870105220556,0.826120728824074,1.634874589090724,-0.5566400148672983,70.63999842107296,2.1152729233285084,142.0127144518084,50.614177875049336
20250718111119858776,2025-07-18 11:11:19.858776,124,-1.1059723943328494,0.8636851688658588,1.6182720137923692,-0.5566400148672983,89.11999800801277,2.1419456852517977,142.0127144518084,49.070386408239656
20250718111119858776,2025-07-18 11:11:19.858776,125,-1.154074683445143,0.9012496089076436,1.6016694384940142,-0.5566400148672983,79.23999822884798,2.170134609357428,142.0127144518084,47.56563156758869
20250718111119858776,2025-07-18 11:11:19.858776,126,-1.2466231852505614,0.919261135888587,1.4489774462086706,-0.4872000130126253,12.359999723732471,2.121001188491141,143.59490100225034,43.09086103728733
20250718111119858776,2025-07-18 11:11:19.858776,127,-1.4416576213150514,0.9152862801700686,1.1744485282575714,-0.0697200018621515,18.519999586045746,2.072547952953009,147.58916323039563,34.51826514150468
20250718111119858776,2025-07-18 11:11:19.858776,128,-1.4894412572361249,0.7327500425728247,0.9577704277440496,0.0697200018621515,20.87999953329563,1.9164242943327097,153.80451910568,29.98475197938656
20250718111119858776,2025-07-18 11:11:19.858776,129,-1.5375061345423418,0.7563961855283,0.9241372540475246,0.1391600037168245,8.759999804198742,1.9468153398706296,153.80451910568,28.339284256414267
20250718111119858776,2025-07-18 11:11:19.858776,130,-1.045263932008195,0.8225493659102275,1.592916425181159,-0.5566400148672983,61.519998624920845,2.07522212896077,141.79973730944755,50.13782008494265
20250718111119858776,2025-07-18 11:11:19.858776,131,-1.0927930072774388,0.859951412922321,1.5744059750680806,-0.5566400148672983,78.23999825119972,2.100587337787134,141.79973730944752,48.54773446874599
20250718111119858776,2025-07-18 11:11:19.858776,132,-1.419415421564161,0.9429230442140928,1.167043279650566,-0.0697200018621515,20.239999547600743,2.0653895571687406,146.4037613094367,34.40559234188526
20250718111119858776,2025-07-18 11:11:19.858776,133,-1.4695940616529548,0.7613330810623887,0.9501116256635432,0.0697200018621515,21.639999516308308,1.9084147525070645,152.61328107940014,29.85811292792738
20250718111119858776,2025-07-18 11:11:19.858776,134,-1.027058433260379,0.8425671296561145,1.5875526815511716,-0.5566400148672983,52.3599988296628,2.070046354555502,140.63560019959027,50.077793970009694
20250718111119858776,2025-07-18 11:11:19.858776,135,-1.0737596884032394,0.8808794020865597,1.5687983372723155,-0.5566400148672983,66.9999985024333,2.0952414210511825,140.63560019959027,48.4816505217968
20250718111119858776,2025-07-18 11:11:19.858776,136,-1.400721658866923,0.9099555436340868,1.1013228348009994,-0.0697200018621515,21.7599995136261,2.000737924732628,146.9909017811899,33.39846124974205
20250718111119858776,2025-07-18 11:11:19.858776,137,-1.4491590480657262,0.78952701032848,0.9425570850852338,0.0697200018621515,21.7599995136261,1.900481177300465,151.4176845301918,29.732880740896785
20250718111119858776,2025-07-18 11:11:19.858776,138,-1.2404689531068016,0.9775959210145602,1.3523949750082092,-0.4872000130126253,7.239999838173389,2.079285737178429,141.75885872274432,40.57276571300723
20250718111119858776,2025-07-18 11:11:19.858776,139,-1.3667500541072426,0.9500561363435618,1.090577913368486,-0.0697200018621515,23.23999948054552,1.989967979072369,145.19603991686168,33.23250998369052
20250718111119858776,2025-07-18 11:11:19.858776,140,-1.2508091272064052,1.0095551918033585,1.2583395640903792,-0.3480400092958007,8.879999801516533,2.0413582773621908,141.09224765973366,38.05536848819568
20250718111119858776,2025-07-18 11:11:19.858776,141,-1.2565277503182506,1.0385378885035734,1.1607743830356578,0.0697200018621515,9.119999796152117,2.0012046625693025,140.42578884616296,35.45320250077342
20250718111119910431,2025-07-18 11:11:19.910431,1,-1.1785114804207202,0.5484997641082492,1.7294839574846228,-0.0697200018621515,8.879999801516533,2.163528613147262,155.04191136770322,53.07104563093743
20250718111119910431,2025-07-18 11:11:19.910431,2,-1.2346522080702105,0.5746286363205233,1.716597390217368,-0.1391600037168245,8.51999980956316,2.1911802172969046,155.04191136770322,51.57406690828233
20250718111119910431,2025-07-18 11:11:19.910431,3,-1.166280090176806,0.5711494659501173,1.7234149881672889,-0.4174800111504737,10.119999773800371,2.157911069214294,153.90813246940326,53.00134921526951
20250718111119910431,2025-07-18 11:11:19.910431,4,-1.2218381513356709,0.5983573015527119,1.7102393135309346,-0.1391600037168245,9.759999781847,2.1853691765757968,153.90813246940326,51.49796037122568
20250718111119910431,2025-07-18 11:11:19.910431,5,-1.2773962124945355,0.6255651371553066,1.6970636388945808,-0.3480400092958007,9.119999796152117,2.214293977541744,153.90813246940326,50.03286100353952
20250718111119910431,2025-07-18 11:11:19.910431,6,-1.3329542736534008,0.652772972757901,1.6838879642582267,-0.4872000130126253,7.759999826550484,2.244628772378133,153.90813246940326,48.60644927198037
20250718111119910431,2025-07-18 11:11:19.910431,7,-1.388539901492777,0.5599202090553259,1.4928342466960716,-0.3480400092958007,7.999999821186066,2.1142629417020857,158.03854556646044,44.91668837768759
20250718111119910431,2025-07-18 11:11:19.910431,8,-1.444024546155985,0.6379324033014839,1.54111917052121,-0.4872000130126253,5.639999873936176,2.206176089715186,156.16540799880818,44.31059931287741
20250718111119910431,2025-07-18 11:11:19.910431,9,-1.1535822034678682,0.5935583614460417,1.7174105427158823,-0.4174800111504737,11.759999737143517,2.1523388211041388,152.77259637045643,52.9326556347494
20250718111119910431,2025-07-18 11:11:19.910431,10,-1.208535375653402,0.6218336891519066,1.7039488344325304,-0.1391600037168245,11.519999742507936,2.179604670928643,152.77259637045643,51.42289193279453
20250718111119910431,2025-07-18 11:11:19.910431,11,-1.263488547838936,0.6501090168577716,1.6904871261491787,-0.3480400092958007,10.639999762177467,2.2083459348562284,152.77259637045643,49.95142673441907
20250718111119910431,2025-07-18 11:11:19.910431,12,-1.3184417200244698,0.6783843445636365,1.6770254178658268,-0.4872000130126253,8.759999804198742,2.2385057829315893,152.77259637045643,48.51868792714709
20250718111119910431,2025-07-18 11:11:19.910431,13,-1.3748209882735711,0.5866131147359521,1.4856819041753075,-0.3480400092958007,8.639999806880951,2.107486279094529,156.89286836093063,44.8258670664776
20250718111119910431,2025-07-18 11:11:19.910431,14,-1.4290374815076887,0.6656849759035735,1.533682891104594,-0.3480400092958007,5.639999873936176,2.199424429518897,155.02260094082143,44.21166286477851
20250718111119910431,2025-07-18 11:11:19.910431,15,-1.1404228992790604,0.6157174873370058,1.711473022828419,-0.4174800111504737,13.759999692440031,2.146814458979187,151.63526683897865,52.86498617123918
20250718111119910431,2025-07-18 11:11:19.910431,16,-1.1947492019560708,0.6450484088765016,1.6977284690298104,-0.1391600037168245,13.519999697804453,2.173889385392706,151.63526683897865,51.348886090214535
20250718111119910431,2025-07-18 11:11:19.910431,17,-1.249075504633081,0.6743793304159974,1.683983915231202,-0.3480400092958007,12.359999723732471,2.2024483931125656,151.63526683897865,49.871091362301
20250718111119910431,2025-07-18 11:11:19.910431,18,-1.3034018073100917,0.7037102519554933,1.6702393614325932,-0.4872000130126253,9.999999776482582,2.2324345263602323,151.63526683897865,48.43205976109349
20250718111119910431,2025-07-18 11:11:19.910431,19,-1.353213312132857,0.6261422603692094,1.475090101525384,-0.3480400092958007,9.359999790787697,2.097410595465754,155.16965466878804,44.69164546713497
20250718111119910431,2025-07-18 11:11:19.910431,20,-1.410981855319095,0.6876008793378888,1.511050624869817,-0.3480400092958007,5.639999873936176,2.178747061093926,154.01906045664947,43.91107513475274
20250718111119910431,2025-07-18 11:11:19.910431,21,-1.126807441156368,0.6376179802685004,1.7056048034335811,-0.4174800111504737,16.239999637007713,2.141340571628612,150.4961096603587,52.79836139446101
20250718111119910431,2025-07-18 11:11:19.910431,22,-1.1804851445290967,0.6679921751485476,1.6915807053858871,-0.1391600037168245,16.239999637007713,2.1682260042134414,150.4961096603587,51.27596666185969
20250718111119910431,2025-07-18 11:11:19.910431,23,-1.2341628479018252,0.6983663700285947,1.6775566073381931,-0.3480400092958007,14.6399996727705,2.1966041274549424,150.4961096603587,49.79188197743455
20250718111119910431,2025-07-18 11:11:19.910431,24,-1.2878405512745537,0.728740564908642,1.663532509290499,-0.4872000130126253,11.519999742507936,2.22641786417484,150.4961096603587,48.346595138451406
20250718111119910431,2025-07-18 11:11:19.910431,25,-1.338130393188467,0.6521395102927846,1.4681241594029322,-0.3480400092958007,10.239999771118164,2.090757622844456,154.01765334697848,44.60355297305703
20250718111119910431,2025-07-18 11:11:19.910431,26,-1.394886305835742,0.7147043874085669,1.5037882617702285,-0.3480400092958007,5.639999873936176,2.1720702805910914,152.87054854497634,43.814790490080746
20250718111119910431,2025-07-18 11:11:19.910431,27,-1.66200068888641,0.5064000908668944,1.0928544642431812,-0.0697200018621515,5.639999873936176,2.052563816767983,163.05438463906307,32.170048532223774
20250718111119910431,2025-07-18 11:11:19.910431,28,-1.1127412751012595,0.6592510803357476,1.6998082317407808,-0.4174800111504737,19.35999956727028,2.135919744965046,149.35509271542284,52.73280115752884
20250718111119910431,2025-07-18 11:11:19.910431,29,-1.1646386234324315,0.6863832718695395,1.6723171278340705,-0.0697200018621515,19.879999555647373,2.1503836158090763,149.4869009798143,51.04893455545592
20250718111119910431,2025-07-18 11:11:19.910431,30,-1.2175957714785146,0.7175937261799266,1.6574170978811622,-0.4872000130126253,17.639999605715275,2.178189995139076,149.4869009798143,49.54491492329596
20250718111119910431,2025-07-18 11:11:19.910431,31,-1.2705529195245973,0.7488041804903136,1.6425170679282544,-0.4872000130126253,13.519999697804453,2.207458887605356,149.4869009798143,48.07979127857588
20250718111119910431,2025-07-18 11:11:19.910431,32,-1.322512239952228,0.677840200752467,1.461237680149338,-0.3480400092958007,11.119999751448631,2.084159667700108,152.86305296152955,44.5166091888041
20250718111119910431,2025-07-18 11:11:19.910431,33,-1.378232820453232,0.7414915535558849,1.4966106622335362,-0.3480400092958007,5.519999876618385,2.165451201408218,151.71967447994209,43.71971174119054
20250718111119910431,2025-07-18 11:11:19.910431,34,-1.639538158704795,0.5542393023829834,1.0800359861509037,-0.0697200018621515,5.759999871253967,2.0400353696777023,161.32238183702037,31.966290190199327
20250718111119910431,2025-07-18 11:11:19.910431,35,-1.0971840485148066,0.6765095308740993,1.681500002685104,-0.4174800111504737,23.35999947786331,2.118707209764681,148.34255185012958,52.52739780509787
20250718111119910431,2025-07-18 11:11:19.910431,36,-1.1494505829290873,0.7087364017668024,1.666327624729791,-0.0697200018621515,24.75999944657088,2.144805744752424,148.34255185012958,50.978801879640514
20250718111119910431,2025-07-18 11:11:19.910431,37,-1.2017171173433685,0.7409632726595058,1.6511552467744774,-0.4872000130126253,21.51999951899052,2.1724327953925813,148.34255185012958,49.46851265933189
20250718111119910431,2025-07-18 11:11:19.910431,38,-1.2539836517576493,0.773190143552209,1.6359828688191642,-0.4872000130126253,15.87999964505434,2.2015308183242674,148.34255185012958,47.99714651622232
20250718111119910431,2025-07-18 11:11:19.910431,39,-1.3063650994769167,0.7032340518152036,1.4544334182643617,-0.3480400092958007,12.11999972909689,2.077619905788332,151.70581730260196,44.43084584621889
20250718111119910431,2025-07-18 11:11:19.910431,40,-1.361028060343376,0.7679516632710209,1.4895206972037267,-0.3480400092958007,5.359999880194664,2.158893013921962,150.5664045870496,43.62587470239189
20250718111119910431,2025-07-18 11:11:19.910431,41,-1.6237421283463882,0.5857612194927927,1.071589713917449,-0.0697200018621515,5.759999871253967,2.031737980302141,160.16320829260977,31.831647262616176
20250718111119910431,2025-07-18 11:11:19.910431,42,-1.0897703936567815,0.6870717975401035,1.6786698518617058,-0.4174800111504737,28.23999936878681,2.1160339405159,147.76963849226198,52.495875097205705
20250718111119910431,2025-07-18 11:11:19.910431,43,-1.1416837639439528,0.7198018229171785,1.6633626540686373,-0.0697200018621515,31.359999299049377,2.142039168661112,147.76963849226198,50.94416565653128
20250718111119910431,2025-07-18 11:11:19.910431,44,-1.193597134231124,0.7525318482942538,1.6480554562755685,-0.4872000130126253,26.75999940186739,2.169577168137052,147.76963849226198,49.43076004087848
20250718111119910431,2025-07-18 11:11:19.910431,45,-1.2412015927078337,0.7707050959284322,1.5898308518131283,-0.4872000130126253,18.759999580681324,2.159196581140164,148.16242061989763,47.41774391592013
20250718111119910431,2025-07-18 11:11:19.910431,46,-1.2896954304031414,0.7283109062796034,1.4477140953619128,-0.3480400092958007,13.35999970138073,2.071141516487496,150.54591261282684,44.3462940274506
20250718111119910431,2025-07-18 11:11:19.910431,47,-1.3432789071805171,0.7940741328633582,1.4825212025721537,-0.3480400092958007,5.119999885559082,2.152398909829394,149.4107075887973,43.53331462358513
20250718111119910431,2025-07-18 11:11:19.910431,48,-1.6035945912869145,0.5382792815946329,1.009878711099622,-0.0697200018621515,5.879999868571758,1.9700546209003733,161.44462073570685,30.838142698430666
20250718111119910431,2025-07-18 11:11:19.910431,49,-1.0244010663522252,0.6781848248895518,1.700620307236732,-0.4174800111504737,4.999999888241291,2.0979613034658207,146.49422289796846,54.15519495485225
20250718111119910431,2025-07-18 11:11:19.910431,50,-1.0746169078184626,0.7079788699057071,1.6730678187052437,-0.4174800111504737,34.11999923735857,2.110732456942233,146.62231794904065,52.43366252017305
20250718111119910431,2025-07-18 11:11:19.910431,51,-1.125808411806049,0.7417048450678505,1.6574937569715635,-0.0697200018621515,40.759999088943005,2.136552412577349,146.62231794904068,50.8757665466992
20250718111119910431,2025-07-18 11:11:19.910431,52,-1.1729280201173828,0.7614015544913318,1.6008123300488657,-0.1391600037168245,33.87999924272299,2.1255805286073683,147.01054272090323,48.86116970746775
20250718111119910431,2025-07-18 11:11:19.910431,53,-1.2239424242930228,0.794517351858756,1.5834503770666348,-0.4872000130126253,22.51999949663877,2.153278425336909,147.01054272090323,47.33825512333892
20250718111119910431,2025-07-18 11:11:19.910431,54,-1.2811667231890362,0.7407273202222803,1.444387127273082,-0.3480400092958007,14.6399996727705,2.067926330642076,149.96494952905772,44.30448197157527
20250718111119910431,2025-07-18 11:11:19.910431,55,-1.534488560388593,0.7858357514727802,1.2091346928817917,-0.3480400092958007,4.999999888241291,2.1057539447396483,152.88229952985023,35.043985128486845
20250718111119910431,2025-07-18 11:11:19.910431,56,-1.587750916205628,0.5691063389439868,1.0016186259778346,-0.0697200018621515,5.759999871253967,1.961651056850776,160.28051658596675,30.70378999633876
20250718111119910431,2025-07-18 11:11:19.910431,57,-1.0085844277943987,0.6938812563443044,1.683382476799259,-0.4174800111504737,5.119999885559082,2.0814635017434515,145.47298573090714,53.9739293144964
20250718111119910431,2025-07-18 11:11:19.910431,58,-1.0590335895642649,0.7285890376521552,1.6675453409017127,-0.4174800111504737,40.8799990862608,2.105493194853708,145.47298573090714,52.372574499850536
20250718111119910431,2025-07-18 11:11:19.910431,59,-1.1138347167333371,0.7390836821434795,1.6152809877421703,-0.0697200018621515,53.75999879837036,2.0966652414662,146.43378503844596,50.39025439701228
20250718111119910431,2025-07-18 11:11:19.910431,60,-1.1644817662181564,0.7726904707096729,1.5977874740647386,-0.1391600037168245,43.5199990272522,2.1227324748206664,146.43378503844596,48.82508098134901
20250718111119910431,2025-07-18 11:11:19.910431,61,-1.2151288157029756,0.8062972592758663,1.5802939603873067,-0.4872000130126253,27.119999393820763,2.150344695695108,146.43378503844596,47.29898864123751
20250718111119910431,2025-07-18 11:11:19.910431,62,-1.2637258276389856,0.7653099134977913,1.437800241257046,-0.3480400092958007,15.87999964505434,2.061545964779504,148.8009836249815,44.22180426222755
20250718111119910431,2025-07-18 11:11:19.910431,63,-1.514907957301895,0.8152916411942361,1.2012420110185875,-0.3480400092958007,5.119999885559082,2.098244253735435,151.7117955746915,34.92464893564992
20250718111119910431,2025-07-18 11:11:19.910431,64,-1.5627966800671655,0.614757691179192,0.9893863830130228,-0.0697200018621515,5.759999871253967,1.949139783849408,158.52680086408705,30.50420209924093
20250718111119910431,2025-07-18 11:11:19.910431,65,-1.047446406365081,0.7258647323362138,1.6273115964887317,-0.4174800111504737,47.75999893248081,2.066922014959285,145.27861821812232,51.93497763746341
20250718111119910431,2025-07-18 11:11:19.910431,66,-1.0973435897223331,0.7604427359666153,1.6095578465191682,-0.0697200018621515,71.63999839872122,2.0911988355678925,145.27861821812232,50.32533034348508
20250718111119910431,2025-07-18 11:11:19.910431,67,-1.1472407730795853,0.7950207395970168,1.591804096549605,-0.1391600037168245,56.63999873399735,2.1170875394271573,145.27861821812232,48.75383418873476
20250718111119910431,2025-07-18 11:11:19.910431,68,-1.1971379564368372,0.8295987432274181,1.5740503465800415,-0.4872000130126253,32.87999926507473,2.1445297515014867,145.27861821812232,47.22142799003536
20250718111119910431,2025-07-18 11:11:19.910431,69,-1.245779458629928,0.7895506806590696,1.4313049472722708,-0.3480400092958007,17.359999611973763,2.055234923058568,147.6342757237497,44.14041284990088
20250718111119910431,2025-07-18 11:11:19.910431,70,-1.4947214112578675,0.8443633969558955,1.193452257539696,-0.3480400092958007,5.239999882876873,2.0908060489720723,150.5380324490066,34.80670404359976
20250718111119910431,2025-07-18 11:11:19.910431,71,-5.427737410149289,4.200408653368446,1.3735366526506978,0.0697200018621515,4.999999888241291,6.999312050837676,142.26448674995626,11.31710038684042
20250718111119910431,2025-07-18 11:11:19.910431,72,-0.9855684499158854,0.7227764793648672,1.6756400251257817,-0.4174800111504737,5.239999882876873,2.0740107286116443,143.74516867142995,53.893452161646096
20250718111119910431,2025-07-18 11:11:19.910431,73,-1.0312861809035925,0.7459444161345535,1.6219312614306942,-0.4174800111504737,53.63999880105257,2.0617093092119463,144.1212327062135,51.87748638647419
20250718111119910431,2025-07-18 11:11:19.910431,74,-1.0804135399261137,0.781478955257514,1.603921208548368,-0.0697200018621515,93.75999790430068,2.0858010494765096,144.1212327062135,50.261604902391845
20250718111119910431,2025-07-18 11:11:19.910431,75,-1.1295408989486346,0.8170134943804742,1.585911155666042,-0.1391600037168245,73.75999835133553,2.111513174494416,144.1212327062135,48.68384666497442
20250718111119910431,2025-07-18 11:11:19.910431,76,-1.1786682579711556,0.8525480335034343,1.5679011027837155,-0.4872000130126253,39.63999911397696,2.138787245120404,144.1212327062135,47.14518524038592
20250718111119910431,2025-07-18 11:11:19.910431,77,-1.2273347944698645,0.81343992572289,1.4249038433496306,-0.3480400092958007,18.759999580681324,2.048996381956053,146.46480148464576,44.0603364376988
20250718111119910431,2025-07-18 11:11:19.910431,78,-1.0230509699409778,0.7558661851438584,1.6192727314371629,-0.4174800111504737,56.63999873399735,2.059128737043188,143.54170228468806,51.84917117812695
20250718111119910431,2025-07-18 11:11:19.910431,79,-1.0717860283847864,0.7918733673772225,1.601136034215096,-0.0697200018621515,115.5199974179268,2.083128733579425,143.54170228468806,50.23019723496108
20250718111119910431,2025-07-18 11:11:19.910431,80,-1.1205210868285949,0.8278805496105865,1.5829993369930289,-0.1391600037168245,93.51999790966512,2.1087533310872164,143.54170228468803,48.64933185717241
20250718111119910431,2025-07-18 11:11:19.910431,81,-1.1676690543761736,0.8587541965923323,1.550670857786665,-0.4872000130126253,46.999998949468136,2.1226139309590715,143.66763239939473,46.93233458460248
20250718111119910431,2025-07-18 11:11:19.910431,82,-1.2179278995088192,0.825249735815042,1.4217394142726736,-0.3480400092958007,20.119999550282955,2.0459052903204404,145.8790201784294,44.02080013343091
20250718111119910431,2025-07-18 11:11:19.910431,83,-1.4525630268329068,0.9013081516427822,1.1781939565081565,0.0697200018621515,5.239999882876873,2.0761591293280115,148.18060368551056,34.57519334948868
20250718111119910431,2025-07-18 11:11:19.910431,84,-1.0062744690406396,0.7754686166390121,1.61402027574835,-0.4174800111504737,55.87999875098467,2.0540207722809973,142.38095628948082,51.79341006186287
20250718111119910431,2025-07-18 11:11:19.910431,85,-1.0542103456490528,0.8124095995065833,1.5956333674004557,-0.0697200018621515,125.87999718636274,2.077838938273528,142.38095628948082,50.16830274745834
20250718111119910431,2025-07-18 11:11:19.910431,86,-1.1021462222574658,0.8493505823741543,1.577246459052561,-0.1391600037168245,110.35999753326178,2.1032900654949045,142.38095628948082,48.58127321369258
20250718111119910431,2025-07-18 11:11:19.910431,87,-1.1485210338790433,0.8811276201263917,1.5446759170187945,-0.4872000130126253,54.11999879032373,2.1169577550886647,142.50513615806145,46.85855214642477
20250718111119910431,2025-07-18 11:11:19.910431,88,-0.9977348567389508,0.7851473188981342,1.611426875294237,-0.4174800111504737,51.759998843073845,2.051494024155413,141.79973730944752,51.76596739847529
20250718111119910431,2025-07-18 11:11:19.910431,89,-1.045263932008195,0.8225493659102275,1.592916425181159,-0.0697200018621515,117.87999736517668,2.07522212896077,141.79973730944755,50.13782008494265
20250718111119910431,2025-07-18 11:11:19.910431,90,-1.0927930072774388,0.859951412922321,1.5744059750680806,-0.4872000130126253,115.87999740988016,2.100587337787134,141.79973730944752,48.54773446874599
20250718111119910431,2025-07-18 11:11:19.910431,91,-1.1387742653269082,0.8921744999462209,1.5417159144921873,-0.4872000130126253,59.239998675882816,2.114159437394353,141.9230196097775,46.82217521488487
20250718111119910431,2025-07-18 11:11:19.910431,92,-0.9803571781175182,0.8042548572256694,1.6063070258300272,-0.4174800111504737,45.639998979866505,2.046496599872214,140.63560019959027,51.71196561994712
20250718111119910431,2025-07-18 11:11:19.910431,93,-1.0256643545583644,0.8377927207380299,1.574562375111721,-0.4872000130126253,97.63999781757592,2.057457334733997,140.75704253835565,49.933268069052986
20250718111119910431,2025-07-18 11:11:19.910431,94,-1.072302219709922,0.8758878965731705,1.555217350112308,-0.4872000130126253,106.75999761372805,2.082237417742882,140.75704253835565,48.322316070115605
20250718111119910431,2025-07-18 11:11:19.910431,95,-1.1189400848614794,0.9139830724083108,1.5358723251128947,-0.4872000130126253,60.87999863922596,2.108624141284179,140.75704253835565,46.7504645491809
20250718111119910431,2025-07-18 11:11:19.910431,96,-1.1690857860505266,0.882903700433915,1.406291081012594,-0.2783200074336491,22.75999949127436,2.03074742986932,142.93958177551366,43.82827357153575
20250718111119910431,2025-07-18 11:11:19.910431,97,-0.9702021548390124,0.8091116745877743,1.5913848916646274,-0.4174800111504737,39.11999912559986,2.031861165687,140.17317971669192,51.55592162309391
20250718111119910431,2025-07-18 11:11:19.910431,98,-1.0164196553425466,0.8476553111290485,1.5719197019811686,-0.4872000130126253,75.75999830663204,2.054886856186615,140.17317971669192,49.904015942238246
20250718111119910431,2025-07-18 11:11:19.910431,99,-1.0626371558460808,0.8861989476703225,1.55245451229771,-0.1391600037168245,88.99999801069498,2.079582004295612,140.17317971669192,48.29002722116261
20250718111119910431,2025-07-18 11:11:19.910431,100,-1.108854656349615,0.9247425842115968,1.5329893226142512,-0.4872000130126253,58.51999869197607,2.105887879069507,140.17317971669192,46.71513653138948
20250718111119910431,2025-07-18 11:11:19.910431,101,-0.9522633196234032,0.8276818837031044,1.5864090191288975,-0.4872000130126253,32.87999926507473,2.026957401250459,139.00370115324645,51.50434223118776
20250718111119910431,2025-07-18 11:11:19.910431,102,-0.9976262681951829,0.8671101489218739,1.5667067939057024,-0.4872000130126253,57.87999870628119,2.049806907839528,139.00370115324645,49.84646378313733
20250718111119910431,2025-07-18 11:11:19.910431,103,-1.0429892167669623,0.9065384141406434,1.5470045686825076,-0.1391600037168245,70.51999842375517,2.0743339986919525,139.00370115324645,48.22646053845554
20250718111119910431,2025-07-18 11:11:19.910431,104,-1.0935199305666752,0.9191318933030556,1.48792852752623,-0.2783200074336491,53.11999881267548,2.0626489228319445,139.95207674672577,46.16752477975846
20250718111119910431,2025-07-18 11:11:19.910431,105,-0.9880794595866064,0.8767004508562011,1.564137080247229,-0.4872000130126253,44.519999004900455,2.047298098663884,138.4180842397334,49.818167263953534
20250718111119910431,2025-07-18 11:11:19.910431,106,-1.0330083063291318,0.916564795584206,1.5443180078716985,-0.4174800111504737,54.9999987706542,2.071742091787998,138.4180842397334,48.19518717788013
20250718111119910431,2025-07-18 11:11:19.910431,107,-1.0728956531112357,0.9400585580229296,1.4823212446142628,-0.2783200074336491,46.23999896645546,2.057204765503889,138.77553818331353,46.10000256566714
20250718111119910431,2025-07-18 11:11:19.910431,108,-0.9686903855685104,0.8956020257857916,1.559072418509169,-0.4872000130126253,34.879999220371246,2.042344451320715,137.24509366131883,49.76254178549743
20250718111119910431,2025-07-18 11:11:19.910431,109,-1.0127375939705292,0.9363258418396746,1.5390230514859518,-0.1391600037168245,43.119999036192894,2.06662417225366,137.24509366131883,48.13367126153991
20250718111119910431,2025-07-18 11:11:19.910431,110,-1.0624220630731325,0.9503714363801884,1.479557917186795,-0.2783200074336491,39.35999912023544,2.054516521593837,138.1863220384863,46.0667794506466
20250718111119910431,2025-07-18 11:11:19.910431,111,-1.0024498191040103,0.946058530563512,1.536415185402216,-0.1391600037168245,34.35999923199415,2.064098836056108,136.65771998541302,48.103432907685225
20250718111119910431,2025-07-18 11:11:19.910431,112,-4.593830942210206,5.011837551156417,0.8710960139988684,0.0697200018621515,8.879999801516533,6.854240047619735,132.50825113036746,7.301387882872632
20250718111119910431,2025-07-18 11:11:19.910431,113,-4.635991468505385,5.057834391597618,0.8607353396977733,0.0697200018621515,8.239999815821648,6.914837015713892,132.50825113036746,7.1505305914537525
20250718111119910431,2025-07-18 11:11:19.910431,114,-4.625644288255327,5.148765491048914,0.8383345669824322,0.0697200018621515,5.239999882876873,6.97202811307319,131.93648315928965,6.906102089876544
20250718111119910431,2025-07-18 11:11:19.910431,115,0.0806467618931267,0.1998691731281356,2.132504413170873,-1.878800050180871,5.999999865889549,2.143368064230692,68.02603503633289,84.22887126704994
20250718111119965489,2025-07-18 11:11:19.965489,1,-1.5015227380807368,0.4840020723754253,1.3480638545351011,-0.2088800055789761,8.639999806880951,2.0751155859231587,162.13375008965954,40.51394793167257
20250718111119965489,2025-07-18 11:11:19.965489,2,-1.5544465004732282,0.5722703023293446,1.375509697087274,-0.2783200074336491,5.639999873936176,2.15309640948628,159.7887891775904,39.70626054260973
20250718111119965489,2025-07-18 11:11:19.965489,3,-1.2104747873847148,0.6804219786849449,1.918404020734902,-0.4174800111504737,11.359999746084211,2.368226607979786,150.65915200707698,54.10172692943881
20250718111119965489,2025-07-18 11:11:19.965489,4,-1.265516146336608,0.7113613677229195,1.9146937794059893,-0.4174800111504737,14.879999667406082,2.402835487715144,150.659152007077,52.83011952368574
20250718111119965489,2025-07-18 11:11:19.965489,5,-1.4300302414713622,0.5592152884106159,1.4126091365782587,-0.2088800055789761,12.879999712109566,2.0864258441313424,158.6419485675324,42.61334298755414
20250718111119965489,2025-07-18 11:11:19.965489,6,-1.4817626591777882,0.5272297997233669,1.3364810199015875,-0.2088800055789761,9.519999787211418,2.063921838734975,160.41380140983213,40.35671467561575
20250718111119965489,2025-07-18 11:11:19.965489,7,-1.5398485614140385,0.60215989313193,1.3675008053696245,-0.2783200074336491,6.11999986320734,2.14564409482843,158.6419485675324,39.59361607494147
20250718111119965489,2025-07-18 11:11:19.965489,8,-1.5946444928037908,0.6804081264389488,1.4034463206107397,-0.2783200074336491,6.519999854266644,2.230584643493594,156.89286836093063,38.98988409984865
20250718111119965489,2025-07-18 11:11:19.965489,9,-1.6475511943229046,0.8025349272839695,1.5109461616203113,-0.2783200074336491,6.8799998462200165,2.375172741242344,154.0289287414661,39.50470550041179
20250718111119965489,2025-07-18 11:11:19.965489,10,-1.2461661119148597,0.7341294096978589,1.8484503555563725,-0.4174800111504737,15.119999662041664,2.347050209438393,149.4972191177993,51.95836761730994
20250718111119965489,2025-07-18 11:11:19.965489,11,-1.307062926922081,0.7214568531474164,1.7281673623948546,-0.2783200074336491,10.239999771118164,2.2837416487716555,151.1027095892468,49.17643931143384
20250718111119965489,2025-07-18 11:11:19.965489,12,-1.4159013995399965,0.5867057928714534,1.4052430781084533,-0.2088800055789761,13.999999687075617,2.0793529207856856,157.492393702639,42.51691777456495
20250718111119965489,2025-07-18 11:11:19.965489,13,-1.467847300243096,0.5557217931987883,1.3288466132590957,-0.2088800055789761,10.519999764859676,2.0565105712923506,159.2635116041741,40.25313275999199
20250718111119965489,2025-07-18 11:11:19.965489,14,-1.5167986970627585,0.6464506319293947,1.3556331376766662,-0.2783200074336491,6.6399998515844345,2.134553328193109,156.9165839443372,39.42664825887676
20250718111119965489,2025-07-18 11:11:19.965489,15,-1.578094192347805,0.7110554496987008,1.3952343950931134,-0.2783200074336491,7.239999838173389,2.223209425519544,155.7446926405961,38.87155997923698
20250718111119965489,2025-07-18 11:11:19.965489,16,-1.6307882929617843,0.7997068231158226,1.4535025664651195,-0.2783200074336491,7.759999826550484,2.326299888260304,153.87756730098576,38.66846833688018
20250718111119965489,2025-07-18 11:11:19.965489,17,-1.1774131004786446,0.7250869758558214,1.8489091264524504,-0.4174800111504737,11.359999746084211,2.3087913915322966,148.37396868716672,53.2077655656505
20250718111119965489,2025-07-18 11:11:19.965489,18,-1.230951115291926,0.7580573218104445,1.8420388908292424,-0.4174800111504737,15.359999656677246,2.341580412182397,148.37396868716672,51.87491530853786
20250718111119965489,2025-07-18 11:11:19.965489,19,-1.2878405512745537,0.728740564908642,1.663532509290499,-0.2783200074336491,10.87999975681305,2.22641786417484,150.4961096603587,48.346595138451406
20250718111119965489,2025-07-18 11:11:19.965489,20,-1.338130393188467,0.6521395102927846,1.4681241594029322,-0.2088800055789761,7.999999821186066,2.090757622844456,154.01765334697848,44.60355297305703
20250718111119965489,2025-07-18 11:11:19.965489,21,-1.3936480740893409,0.6274160912318478,1.3943347865391555,-0.2088800055789761,15.359999656677246,2.068834310161829,155.7628719753105,42.37431049563661
20250718111119965489,2025-07-18 11:11:19.965489,22,-1.4458752167494269,0.5979415562318039,1.3175338618497658,-0.2088800055789761,11.639999739825726,2.045479094051042,157.5324638598867,40.09972327494837
20250718111119965489,2025-07-18 11:11:19.965489,23,-1.500672447175581,0.6755981359508386,1.3478230875127373,-0.2783200074336491,7.35999983549118,2.12722300435205,155.76287197531047,39.31673426777837
20250718111119965489,2025-07-18 11:11:19.965489,24,-1.5542905984445292,0.6997368633051053,1.3245211868123734,-0.2783200074336491,8.239999815821648,2.1586586845992994,155.76287197531047,37.84919576670222
20250718111119965489,2025-07-18 11:11:19.965489,25,-1.609337348293153,0.8245836659472016,1.4275002344967644,-0.2783200074336491,8.759999804198742,2.3038363314798387,152.87054854497634,38.28830039738307
20250718111119965489,2025-07-18 11:11:19.965489,26,-1.1699594994100722,0.7364240091686309,1.8458713775317184,-0.4174800111504737,11.239999748766422,2.3061584277604843,147.8118823292234,53.16923545412754
20250718111119965489,2025-07-18 11:11:19.965489,27,-1.2231585923918746,0.7699098600528265,1.838863012778937,-0.4174800111504737,15.519999653100967,2.3388662455375817,147.8118823292234,51.8336384252616
20250718111119965489,2025-07-18 11:11:19.965489,28,-1.2717641762125107,0.753465271632082,1.6569075440908567,-0.2783200074336491,11.759999737143517,2.220458656475794,149.35509271542284,48.26232381420726
20250718111119965489,2025-07-18 11:11:19.965489,29,-1.322512239952228,0.677840200752467,1.461237680149338,-0.2088800055789761,8.759999804198742,2.084159667700108,152.86305296152955,44.5166091888041
20250718111119965489,2025-07-18 11:11:19.965489,30,-1.3777076428820534,0.6026325777293282,1.3355514438650418,-0.2088800055789761,16.759999625384808,2.0112041249476187,156.37461973955132,41.60991745441576
20250718111119965489,2025-07-18 11:11:19.965489,31,-1.4305030087589206,0.6257261619123863,1.3100889991956364,-0.2088800055789761,12.879999712109566,2.038186761212857,156.37461973955135,39.99881848778376
20250718111119965489,2025-07-18 11:11:19.965489,32,-1.483945948345065,0.70442829621667,1.3400980693518478,-0.2783200074336491,8.119999818503857,2.1199475553892846,154.6063346261862,39.20799034954764
20250718111119965489,2025-07-18 11:11:19.965489,33,-1.5369664715665452,0.7295971083820164,1.3165201582582196,-0.2783200074336491,9.359999790787697,2.1512329493523854,154.6063346261862,37.73309818407589
20250718111119965489,2025-07-18 11:11:19.965489,34,-1.5901235414809414,0.8554891144812196,1.4192191445203526,-0.2783200074336491,9.999999776482582,2.2966361231899217,151.71967447994209,38.16699448786966
20250718111119965489,2025-07-18 11:11:19.965489,35,-1.1547020694169448,0.7588792636472897,1.8398545102283264,-0.4174800111504737,11.119999751448631,2.300934424254012,146.68676855323858,53.09305598466761
20250718111119965489,2025-07-18 11:11:19.965489,36,-1.2076904536230173,0.7786453802069521,1.7763073458749326,-0.4174800111504737,15.519999653100967,2.284747830045812,147.18853766279727,51.028891100274
20250718111119965489,2025-07-18 11:11:19.965489,37,-1.255179112459352,0.7778744825732244,1.650367115731297,-0.2783200074336491,12.639999717473984,2.21455976024131,148.21218605725153,48.17927492429105
20250718111119965489,2025-07-18 11:11:19.965489,38,-1.3063650994769167,0.7032340518152036,1.4544334182643617,-0.2088800055789761,9.759999781847,2.077619905788332,151.70581730260196,44.43084584621889
20250718111119965489,2025-07-18 11:11:19.965489,39,-1.3623517100661808,0.6291004003501185,1.3284594121683908,-0.2088800055789761,18.35999958962202,2.0041391931249968,155.21367252687733,41.51819519673801
20250718111119965489,2025-07-18 11:11:19.965489,40,-1.4145586186636074,0.653208262407331,1.302725192561705,-0.2088800055789761,14.359999679028988,2.030948066063637,155.21367252687733,39.89905506915184
20250718111119965489,2025-07-18 11:11:19.965489,41,-1.4666258909474266,0.7329295810476953,1.3324611730981253,-0.2783200074336491,8.879999801516533,2.1127304732469105,153.44693140705058,39.100460442916905
20250718111119965489,2025-07-18 11:11:19.965489,42,-1.5190275786200291,0.7591167274966528,1.3086104001555785,-0.2783200074336491,10.759999759495258,2.1438666399682607,153.44693140705058,37.61823560322178
20250718111119965489,2025-07-18 11:11:19.965489,43,-1.5702737064819334,0.886017224640699,1.4110391620566718,-0.2783200074336491,11.639999739825726,2.289501594776931,150.5664045870496,38.047055691667374
20250718111119965489,2025-07-18 11:11:19.965489,44,-1.13943853421352,0.7669444914978175,1.780097390842365,-0.4174800111504737,10.99999975413084,2.248392925441035,146.0559039628444,52.34652924488441
20250718111119965489,2025-07-18 11:11:19.965489,45,-1.1912498119194903,0.8018181357014385,1.770098224753781,-0.4174800111504737,15.639999650418758,2.2793060703675665,146.0559039628444,50.94988643224269
20250718111119965489,2025-07-18 11:11:19.965489,46,-1.2412015927078337,0.7707050959284322,1.5898308518131283,-0.2783200074336491,13.519999697804453,2.159196581140164,148.16242061989763,47.41774391592013
20250718111119965489,2025-07-18 11:11:19.965489,47,-1.298095169154714,0.7158127335416435,1.4510629706539138,-0.2088800055789761,10.759999759495258,2.074372840760823,151.12620059768395,44.3884165794876
20250718111119965489,2025-07-18 11:11:19.965489,48,-1.3464508547550875,0.6552662955243553,1.3214482816872166,-0.2088800055789761,20.239999547600743,1.9971302870606653,154.04957926370835,41.42763226056373
20250718111119965489,2025-07-18 11:11:19.965489,49,-1.3980484240066515,0.6803768652433544,1.2954453873723106,-0.2088800055789761,15.87999964505434,2.0237664950013508,154.04957926370835,39.80047258534554
20250718111119965489,2025-07-18 11:11:19.965489,50,-1.4487192027743836,0.7610905903105039,1.3249154534081105,-0.2783200074336491,9.759999781847,2.105575259596782,152.28462426902834,38.99418808175509
20250718111119965489,2025-07-18 11:11:19.965489,51,-1.5004810949226564,0.7882839131954859,1.3007950763020877,-0.2783200074336491,12.23999972641468,2.136563332680508,152.28462426902834,37.50465562825788
20250718111119965489,2025-07-18 11:11:19.965489,52,-1.549795782965113,0.9161557855891576,1.4029635589894962,-0.2783200074336491,13.35999970138073,2.2824362291677303,149.41070758879724,37.92853400327965
20250718111119965489,2025-07-18 11:11:19.965489,53,-1.1232571885838751,0.788801181927309,1.7742409082925656,-0.4174800111504737,10.87999975681305,2.2431773931131924,144.92176183108975,52.27436882799057
20250718111119965489,2025-07-18 11:11:19.965489,54,-1.174332686195615,0.8246686691716671,1.7639754427638128,-0.4174800111504737,15.519999653100967,2.273927227167696,144.92176183108975,50.87213726005109
20250718111119965489,2025-07-18 11:11:19.965489,55,-1.2239424242930228,0.794517351858756,1.5834503770666348,-0.2783200074336491,14.6399996727705,2.153278425336909,147.01054272090323,47.33825512333892
20250718111119965489,2025-07-18 11:11:19.965489,56,-1.2811667231890362,0.7407273202222803,1.444387127273082,-0.2088800055789761,11.9999997317791,2.067926330642076,149.96494952905772,44.30448197157527
20250718111119965489,2025-07-18 11:11:19.965489,57,-1.3300114370786065,0.6811197972433113,1.314520856780106,-0.2088800055789761,22.239999502897263,1.9901808168773445,152.88229952985023,41.33826323003301
20250718111119965489,2025-07-18 11:11:19.965489,58,-1.3809790286454873,0.7072211033420513,1.288252495452336,-0.2088800055789761,17.519999608397484,2.016645546101285,152.88229952985023,39.70311008805302
20250718111119965489,2025-07-18 11:11:19.965489,59,-1.4302330462621329,0.7889000599773689,1.317463928468936,-0.2783200074336491,10.639999762177467,2.0984854238400983,151.11937772308966,38.88921637449814
20250718111119965489,2025-07-18 11:11:19.965489,60,-1.4813344388202911,0.8170869989936485,1.2930773127229456,-0.2783200074336491,14.119999684393406,2.129326611921776,151.11937772308963,37.39240552863469
20250718111119965489,2025-07-18 11:11:19.965489,61,-1.5286979618264858,0.9458927423045966,1.394995565452235,-0.2783200074336491,15.639999650418758,2.2754435097510908,148.25255470016756,37.811479089179
20250718111119965489,2025-07-18 11:11:19.965489,62,-1.0600431984505791,0.7327372903411911,1.6801176611149984,0.0697200018621515,4.999999888241291,2.117401916129391,145.34647586888346,52.51199328966115
20250718111119965489,2025-07-18 11:11:19.965489,63,-1.2151288157029756,0.8062972592758663,1.5802939603873067,-0.2783200074336491,15.75999964773655,2.150344695695108,146.43378503844596,47.29898864123751
20250718111119965489,2025-07-18 11:11:19.965489,64,-1.2601127466750697,0.7289593613490037,1.3839602975139216,-0.2088800055789761,13.519999697804453,2.0086343594408014,149.9511589585652,43.55144398595908
20250718111119965489,2025-07-18 11:11:19.965489,65,-1.313040032584324,0.7066505644514693,1.3076799083245327,-0.2088800055789761,24.23999945819378,1.9832942015859072,151.7117955746915,41.2501220521141
20250718111119965489,2025-07-18 11:11:19.965489,66,-1.3633572601103654,0.7337302393665802,1.281149393862517,-0.2088800055789761,19.119999572634697,2.0095887271406747,151.71179557469154,39.60700609383242
20250718111119965489,2025-07-18 11:11:19.965489,67,-1.4111748156264696,0.816346866631709,1.3101095787910926,-0.2783200074336491,11.639999739825726,2.091464481017544,149.9511589585652,38.78558798341373
20250718111119965489,2025-07-18 11:11:19.965489,68,-1.461595268719747,0.845514464041372,1.285460196420544,-0.2783200074336491,16.359999634325504,2.122160068191997,149.9511589585652,37.28153221676729
20250718111119965489,2025-07-18 11:11:19.965489,69,-1.5163510761184538,0.9182992746651498,1.3254136375798211,-0.2783200074336491,18.23999959230423,2.213439733667648,148.80098362498154,36.78419373426382
20250718111119965489,2025-07-18 11:11:19.965489,70,-1.195513020138769,0.8245117501658019,1.5598460936535197,-0.2783200074336491,16.99999962002039,2.131241620128731,145.40706135844516,47.04553449380576
20250718111119965489,2025-07-18 11:11:19.965489,71,-1.2425906146988543,0.753134424772366,1.3774826087926604,-0.2088800055789761,15.239999659359457,2.002174127053168,148.77993796106554,43.47147917103602
20250718111119965489,2025-07-18 11:11:19.965489,72,-1.2955434296074515,0.7318483851828085,1.3009281726085464,-0.2088800055789761,26.519999407231808,1.9764738670623327,150.5380324490066,41.16324201801694
20250718111119965489,2025-07-18 11:11:19.965489,73,-1.3451901668734307,0.7598936700164562,1.274138923748655,-0.2088800055789761,20.63999953866005,2.002599553529219,150.5380324490066,39.51219856378162
20250718111119965489,2025-07-18 11:11:19.965489,74,-1.3915521339052015,0.8434200319173057,1.3028553460162624,-0.2783200074336491,12.519999720156193,2.084515949629233,148.77993796106554,38.68334510372937
20250718111119965489,2025-07-18 11:11:19.965489,75,-1.4412714800255255,0.8735549377321735,1.2779467741397077,-0.2783200074336491,18.759999580681324,2.115067295833708,148.77993796106554,37.17208222521064
20250718111119965489,2025-07-18 11:11:19.965489,76,-1.494817136268427,0.9473858950119186,1.3176199011473535,-0.2783200074336491,21.239999525249004,2.206386300911252,147.6342757237497,36.66852383731722
20250718111119965489,2025-07-18 11:11:19.965489,77,-1.2336427205019946,0.7650938128187258,1.374278100423668,-0.2088800055789761,17.23999961465597,1.998970535441967,148.19319303887826,43.43197834544112
20250718111119965489,2025-07-18 11:11:19.965489,78,-1.2775286265555836,0.7567031806454533,1.29426835023629,-0.2088800055789761,28.639999359846115,1.969723243933348,149.36097813661067,41.07765574521199
20250718111119965489,2025-07-18 11:11:19.965489,79,-1.326485015529429,0.785700930268728,1.2672238892051988,-0.2088800055789761,21.87999951094389,1.995681546144476,149.36097813661067,39.41872488345701
20250718111119965489,2025-07-18 11:11:19.965489,80,-1.3815315679067888,0.8568131090573142,1.2992666818124294,-0.2783200074336491,13.23999970406294,2.0810699381431976,148.19319303887826,38.63275628380398
20250718111119965489,2025-07-18 11:11:19.965489,81,-1.4308928850484943,0.8874265417068694,1.2742298890569634,-0.2783200074336491,21.119999527931213,2.1115496976330768,148.19319303887826,37.11790540638801
20250718111119965489,2025-07-18 11:11:19.965489,82,-1.47268528952125,0.9760507221982552,1.309939183851597,-0.2783200074336491,24.35999945551157,2.19941302161868,146.46480148464576,36.55440437018628
20250718111119965489,2025-07-18 11:11:19.965489,83,-1.2153777495109088,0.7887503220564696,1.3679393578776748,-0.2088800055789761,19.63999956101179,1.9926184359734231,147.0174188194215,43.35395709413894
20250718111119965489,2025-07-18 11:11:19.965489,84,-1.2590028291094235,0.781205009253056,1.287703105047797,-0.2088800055789761,30.63999931514263,1.963045765370064,148.18060368551056,40.99339516012635
20250718111119965489,2025-07-18 11:11:19.965489,85,-1.3169329978075233,0.798467765017631,1.2638030261443287,-0.2088800055789761,22.63999949395657,1.9922503310021369,148.77120761463345,39.372499757679606
20250718111119965489,2025-07-18 11:11:19.965489,86,-1.361076995775225,0.883305555983214,1.2921680520531102,-0.2783200074336491,13.879999689757824,2.0742366230510094,147.0174188194215,38.53266971398107
20250718111119965489,2025-07-18 11:11:19.965489,87,-1.4097074829848182,0.9148655483096866,1.2668776293966264,-0.2783200074336491,23.51999947428704,2.104574324402204,147.0174188194215,37.01067675554147
20250718111119965489,2025-07-18 11:11:19.965489,88,-1.461397908203924,0.9902213736562904,1.3061421692371935,-0.2783200074336491,27.359999388456345,2.195957554509694,145.8790201784294,36.49794145457192
20250718111119965489,2025-07-18 11:11:19.965489,89,-1.1966266436465702,0.8120492715372422,1.3616964231798083,-0.2088800055789761,22.359999500215054,1.9863424912611884,145.8385803293433,43.27726547625721
20250718111119965489,2025-07-18 11:11:19.965489,90,-1.249550615232342,0.7933204927373628,1.2844567710322643,-0.2088800055789761,32.35999927669764,1.9597355282984503,147.58916323039563,40.95177178443903
20250718111119965489,2025-07-18 11:11:19.965489,91,-1.297434854137231,0.8237214605247433,1.2570363188272964,-0.2783200074336491,22.99999948590994,1.9854456809769423,147.58916323039563,39.28109564228362
20250718111119965489,2025-07-18 11:11:19.965489,92,-1.340078011017138,0.9093975789585976,1.285176715567962,-0.2783200074336491,14.119999684393406,2.067484515653131,145.8385803293433,38.434071962502365
20250718111119965489,2025-07-18 11:11:19.965489,93,-1.3879582167490032,0.9418898240477832,1.2596364965365674,-0.2783200074336491,25.11999943852425,2.097681709767417,145.8385803293433,36.904985940817554
20250718111119965489,2025-07-18 11:11:19.965489,94,-1.435838422480868,0.9743820691369692,1.2340962775051727,-0.2783200074336491,29.519999340176582,2.129329944907579,145.8385803293433,35.42032162547269
20250718111119965489,2025-07-18 11:11:19.965489,95,-1.1870711264328313,0.8235617434082785,1.3586116656390783,-0.2088800055789761,25.359999433159828,1.9832340916863005,145.24800581877668,43.23942651426464
20250718111119965489,2025-07-18 11:11:19.965489,96,-1.3293769802737434,0.9222901636998292,1.2817221578981992,-0.2783200074336491,14.119999684393406,2.0641400126412,145.24800581877668,38.38534403878277
20250718111119965489,2025-07-18 11:11:19.965489,97,-1.376874844418533,0.9552430533222068,1.2560585095361378,-0.2783200074336491,25.75999942421913,2.094267558716182,145.24800581877668,36.85273130862388
20250718111119965489,2025-07-18 11:11:19.965489,98,-1.424372708563323,0.9881959429445848,1.2303948611740767,-0.2783200074336491,30.35999932140112,2.125850500142409,145.24800581877668,35.36461835360344
20250718111119965489,2025-07-18 11:11:19.965489,99,-1.1676049410652394,0.8463069253390643,1.3525171125090254,-0.2088800055789761,28.759999357163903,1.9770784632650704,144.0645357368888,43.164778332916285
20250718111119965489,2025-07-18 11:11:19.965489,100,-1.2105018585658056,0.840851393666644,1.2717209045127398,-0.2088800055789761,33.87999924272299,1.9466946023444736,145.2149811272072,40.78874667101108
20250718111119965489,2025-07-18 11:11:19.965489,101,-1.3542961628613737,0.9816250182566342,1.248989483337212,-0.2783200074336491,25.23999943584204,2.08750580902074,144.0645357368888,36.74943150383541
20250718111119965489,2025-07-18 11:11:19.965489,102,-1.4010151333009602,1.0154880029333355,1.223081975740309,-0.2783200074336491,29.519999340176582,2.118959368940485,144.0645357368888,35.25446238971586
20250718111119965489,2025-07-18 11:11:19.965489,103,-1.331175780920326,1.0075655494296702,1.2420387389581626,-0.2783200074336491,23.51999947428704,2.0808357756389944,142.87795933711698,36.647781155900645
20250718111119965489,2025-07-18 11:11:19.965489,104,-1.37709717069028,1.0423234010802982,1.215891452478263,-0.2783200074336491,27.119999393820763,2.112161621224208,142.87795933711698,35.146014584607805
20250718111119965489,2025-07-18 11:11:19.965489,105,-1.3159499026264585,0.9764043798090224,1.1774230065132751,-0.2783200074336491,21.119999527931213,2.0177746641782344,143.42543995607798,35.69889279158415
20250718111119965489,2025-07-18 11:11:19.965489,106,-1.361346047344824,1.0100872688316131,1.1490466799040386,-0.2783200074336491,23.87999946624041,2.0478885770167228,143.42543995607798,34.131106552736064
20250718111119965489,2025-07-18 11:11:19.965489,107,-0.9370811879581028,0.8175728464267548,1.5348401157353435,-0.4174800111504737,5.879999868571758,1.975419118291052,138.89636067665447,50.98392373195836
20250718111119965489,2025-07-18 11:11:19.965489,108,-1.2925676073067656,1.0016015634692412,1.1706714414999806,-0.2783200074336491,18.519999586045746,2.0110714396426617,142.2281468121138,35.59931891126388
20250718111119965489,2025-07-18 11:11:19.965489,109,-1.3371571361653165,1.0361536763077628,1.1420622070712236,-0.2783200074336491,20.359999544918537,2.0410560336610843,142.2281468121138,34.02432066008353
20250718111119965489,2025-07-18 11:11:19.965489,110,-1.062350156872535,0.910901898501014,1.4130789284281835,-0.2783200074336491,26.87999939918518,1.9887488987973307,139.38888055507562,45.27859331426969
20250718111119965489,2025-07-18 11:11:19.965489,111,-1.1041385617845785,0.8742444203541656,1.2821242936758737,-0.2088800055789761,38.75999913364649,1.9045387826384543,141.62821720988566,42.31406912652843
20250718111119965489,2025-07-18 11:11:19.965489,112,-1.3248615005945907,1.0490103459160296,1.138617272832335,-0.2783200074336491,17.11999961733818,2.0376775985392688,141.62821720988566,33.971596845572265
20250718111120022002,2025-07-18 11:11:20.022002,1,-1.220998810758671,0.4825721902271955,-0.1980055941473939,-0.1391600037168245,21.119999527931213,1.327750063064741,158.4347101889288,-8.576434798299646
20250718111120022002,2025-07-18 11:11:20.022002,2,-1.2791635065074836,0.5055604719307316,-0.2074379826466013,-0.1391600037168245,28.359999366104603,1.391000066068955,158.4347101889288,-8.576434798299644
20250718111120022002,2025-07-18 11:11:20.022002,3,-1.337328202256296,0.5285487536342677,-0.2168703711458088,-0.2088800055789761,19.35999956727028,1.4542500690731686,158.4347101889288,-8.576434798299648
20250718111120022002,2025-07-18 11:11:20.022002,4,-1.5705946562361512,0.3737149833899567,-0.5544536173505399,-0.2088800055789761,10.87999975681305,1.7070000810781494,166.6156543238838,-18.95416796249887
20250718111120022002,2025-07-18 11:11:20.022002,5,-1.6287903867615974,0.5231769159886956,-0.4550968586610736,-0.2088800055789761,11.239999748766422,1.7702500840823632,162.19268057285154,-14.896902340429683
20250718111120022002,2025-07-18 11:11:20.022002,6,-1.2104077779923446,0.5416914362367921,-0.0663598436690446,-0.1391600037168245,24.63999944925308,1.327750063064741,155.89014496728512,-2.8647889116210923
20250718111120022002,2025-07-18 11:11:20.022002,7,-1.2680679489266438,0.5674959802714199,-0.0695210262049641,-0.1391600037168245,33.519999250769615,1.3910000660689548,155.89014496728512,-2.864788911621093
20250718111120022002,2025-07-18 11:11:20.022002,8,-1.3257281198609432,0.5933005243060477,-0.0726822087408835,-0.3480400092958007,21.639999516308308,1.4542500690731686,155.89014496728512,-2.864788911621093
20250718111120022002,2025-07-18 11:11:20.022002,9,-1.4919895816376312,0.5459655713224896,-0.4226404381521282,-0.0697200018621515,8.119999818503857,1.64400007808581,159.90084944355465,-14.896902340429683
20250718111120022002,2025-07-18 11:11:20.022002,10,-1.5491643648755695,0.5668876096395923,-0.4388365133367901,-0.2088800055789761,11.519999742507936,1.7070000810781492,159.90084944355465,-14.896902340429682
20250718111120022002,2025-07-18 11:11:20.022002,11,-1.6123645331515215,0.5717978853279477,-0.4550968586610736,-0.2088800055789761,12.23999972641468,1.7702500840823632,160.4738072258789,-14.896902340429682
20250718111120022002,2025-07-18 11:11:20.022002,12,-1.1936148301443688,0.5777544793215136,-0.0663598436690446,-0.1391600037168245,28.879999354481697,1.327750063064741,154.17127162031247,-2.8647889116210923
20250718111120022002,2025-07-18 11:11:20.022002,13,-1.2504750357603591,0.6052769578130109,-0.0695210262049641,-0.2088800055789761,39.35999912023544,1.3910000660689548,154.17127162031247,-2.864788911621093
20250718111120022002,2025-07-18 11:11:20.022002,14,-1.3099183400453207,0.6179588803793136,-0.1307058834657918,-0.3480400092958007,24.119999460875988,1.454250069073169,154.7442294026367,-5.156620040917965
20250718111120022002,2025-07-18 11:11:20.022002,15,-1.4749417266698155,0.5904728780502873,-0.4226404381521282,-0.0697200018621515,8.51999980956316,1.64400007808581,158.18197609658202,-14.896902340429683
20250718111120022002,2025-07-18 11:11:20.022002,16,-1.537517546239674,0.5977554569958764,-0.4388365133367901,-0.2088800055789761,12.11999972909689,1.7070000810781492,158.75493387890623,-14.896902340429682
20250718111120022002,2025-07-18 11:11:20.022002,17,-1.5944876603578109,0.6199042751886058,-0.4550968586610736,-0.2088800055789761,13.35999970138073,1.7702500840823632,158.75493387890623,-14.896902340429683
20250718111120022002,2025-07-18 11:11:20.022002,18,-1.6508723603737174,0.5854540367264084,-0.5418363129039522,-0.2783200074336491,8.879999801516533,1.833500087086577,160.4738072258789,-17.18873346972656
20250718111120022002,2025-07-18 11:11:20.022002,19,-1.1811713116136853,0.6011785609992397,-0.0796172116072497,-0.1391600037168245,33.519999250769615,1.327750063064741,153.02535605566405,-3.4377466939453103
20250718111120022002,2025-07-18 11:11:20.022002,20,-1.2381202172348442,0.6301637393515966,-0.0695210262049641,-0.2088800055789761,45.639998979866505,1.3910000660689548,153.02535605566405,-2.864788911621093
20250718111120022002,2025-07-18 11:11:20.022002,21,-1.2907929357197003,0.6569724747071676,-0.1307058834657918,-0.3480400092958007,26.75999940186739,1.4542500690731686,153.02535605566405,-5.156620040917966
20250718111120022002,2025-07-18 11:11:20.022002,22,-1.4628380781548098,0.6198516547409298,-0.4226404381521282,-0.2088800055789761,8.999999798834324,1.64400007808581,157.03606053193357,-14.896902340429682
20250718111120022002,2025-07-18 11:11:20.022002,23,-1.518895741733735,0.6436050940649436,-0.4388365133367901,-0.2088800055789761,12.759999714791777,1.7070000810781494,157.03606053193357,-14.896902340429682
20250718111120022002,2025-07-18 11:11:20.022002,24,-1.5751758563586082,0.6674527930688144,-0.4550968586610736,-0.2088800055789761,14.359999679028988,1.7702500840823632,157.03606053193357,-14.896902340429683
20250718111120022002,2025-07-18 11:11:20.022002,25,-1.6325685372752468,0.6347093432935245,-0.5418363129039522,-0.2783200074336491,9.63999978452921,1.833500087086577,158.75493387890623,-17.18873346972656
20250718111120022002,2025-07-18 11:11:20.022002,26,-1.1689123158403854,0.6246801801409881,-0.0796172116072497,-0.2783200074336491,38.6399991363287,1.327750063064741,151.8794404910156,-3.4377466939453103
20250718111120022002,2025-07-18 11:11:20.022002,27,-1.2252701671526227,0.6547984638077802,-0.0695210262049641,-0.2088800055789761,51.51999884843826,1.3910000660689548,151.8794404910156,-2.864788911621093
20250718111120022002,2025-07-18 11:11:20.022002,28,-1.2773962124945355,0.6826552217125108,-0.1307058834657918,-0.3480400092958007,29.35999934375286,1.4542500690731686,151.8794404910156,-5.156620040917967
20250718111120022002,2025-07-18 11:11:20.022002,29,-1.331684738146076,0.7116676339559486,-0.1514972135823613,-0.2783200074336491,13.23999970406294,1.5175000720773824,151.8794404910156,-5.7295778232421855
20250718111120022002,2025-07-18 11:11:20.022002,30,-1.3884682489878797,0.7066860968535534,-0.2674350050701922,-0.2783200074336491,9.239999793469906,1.5807500750815962,153.02535605566405,-9.740282299511716
20250718111120022002,2025-07-18 11:11:20.022002,31,-1.4435870903985242,0.6634513013171726,-0.4226404381521282,-0.2088800055789761,9.239999793469906,1.64400007808581,155.31718718496091,-14.896902340429682
20250718111120022002,2025-07-18 11:11:20.022002,32,-1.498907033643723,0.6888755300172832,-0.4388365133367901,-0.2088800055789761,13.23999970406294,1.7070000810781492,155.31718718496091,-14.896902340429682
20250718111120022002,2025-07-18 11:11:20.022002,33,-1.5544465004732282,0.7144006485138227,-0.4550968586610736,-0.2783200074336491,15.119999662041664,1.770250084082363,155.31718718496091,-14.896902340429683
20250718111120022002,2025-07-18 11:11:20.022002,34,-1.6127955127539724,0.683393454318804,-0.5418363129039522,-0.2783200074336491,10.359999768435957,1.833500087086577,157.03606053193357,-17.18873346972656
20250718111120022002,2025-07-18 11:11:20.022002,35,-1.1017149655431049,0.6174062405113931,-0.0631986611331251,-0.2783200074336491,11.239999748766422,1.264500060060527,150.73352492636715,-2.864788911621093
20250718111120022002,2025-07-18 11:11:20.022002,36,-1.1561857707469394,0.6479319355508076,-0.0796172116072497,-0.2783200074336491,43.63999902456999,1.327750063064741,150.73352492636715,-3.4377466939453103
20250718111120022002,2025-07-18 11:11:20.022002,37,-1.2112629690144927,0.6787974561108442,-0.083409935112547,-0.2088800055789761,56.11999874562025,1.3910000660689548,150.73352492636715,-3.437746693945311
20250718111120022002,2025-07-18 11:11:20.022002,38,-1.263488547838936,0.7080649157433233,-0.1307058834657918,-0.3480400092958007,31.75999929010868,1.4542500690731688,150.73352492636715,-5.156620040917966
20250718111120022002,2025-07-18 11:11:20.022002,39,-1.319919411076086,0.7224406763577282,-0.1967198163968438,-0.2783200074336491,14.879999667406082,1.5175000720773826,151.3064827086914,-7.448451170214839
20250718111120022002,2025-07-18 11:11:20.022002,40,-1.37405778521489,0.7343122774568932,-0.2674350050701922,-0.2783200074336491,9.999999776482582,1.5807500750815962,151.8794404910156,-9.740282299511716
20250718111120022002,2025-07-18 11:11:20.022002,41,-1.4300302414713622,0.692188431904264,-0.4226404381521282,-0.2088800055789761,9.63999978452921,1.64400007808581,154.17127162031247,-14.896902340429682
20250718111120022002,2025-07-18 11:11:20.022002,42,-1.4848306704328558,0.7187139010100844,-0.4388365133367901,-0.2088800055789761,13.519999697804453,1.7070000810781492,154.17127162031247,-14.896902340429682
20250718111120022002,2025-07-18 11:11:20.022002,43,-1.5398485614140385,0.7453446299139437,-0.4550968586610736,-0.2783200074336491,15.75999964773655,1.7702500840823632,154.17127162031247,-14.896902340429682
20250718111120022002,2025-07-18 11:11:20.022002,44,-1.5915710811965285,0.731462557390362,-0.5418363129039522,-0.2783200074336491,10.99999975413084,1.833500087086577,155.31718718496091,-17.18873346972656
20250718111120022002,2025-07-18 11:11:20.022002,45,-1.0891473285620898,0.6393155932793443,-0.0631986611331251,-0.2783200074336491,11.759999737143517,1.264500060060527,149.58760936171873,-2.864788911621093
20250718111120022002,2025-07-18 11:11:20.022002,46,-1.1404228992790604,0.6694136994344917,-0.1193362467056593,-0.2783200074336491,47.75999893248081,1.327750063064741,149.58760936171873,-5.156620040917967
20250718111120022002,2025-07-18 11:11:20.022002,47,-1.1974456807328395,0.702885345004876,-0.083409935112547,-0.0697200018621515,58.35999869555235,1.391000066068955,149.58760936171873,-3.4377466939453107
20250718111120022002,2025-07-18 11:11:20.022002,48,-1.249075504633081,0.6743793304159974,1.683983915231202,-0.3480400092958007,33.7599992454052,2.2024483931125656,151.63526683897865,49.871091362301
20250718111120022002,2025-07-18 11:11:20.022002,49,-1.3052075860357235,0.6722668965540609,1.616207287839865,-0.3480400092958007,16.759999625384808,2.1834916121007475,152.74858387534428,47.74794001569614
20250718111120022002,2025-07-18 11:11:20.022002,50,-1.359097716672909,0.6664750550364238,1.5445494566704825,-0.2783200074336491,10.87999975681305,2.1626300253516324,153.87756730098573,45.5776402226726
20250718111120022002,2025-07-18 11:11:20.022002,51,-1.4149914656230114,0.6375648537249328,1.4577394848830534,-0.2783200074336491,9.879999779164793,2.12924733093137,155.7446926405961,43.20625301130773
20250718111120022002,2025-07-18 11:11:20.022002,52,-1.462604364290992,0.6233533278935047,1.378655989839892,-0.2088800055789761,13.759999692440031,2.1043937930340832,156.9165839443372,40.92966957674524
20250718111120022002,2025-07-18 11:11:20.022002,53,-1.5246347034888557,0.631761514495554,1.3595690748305898,-0.2783200074336491,16.119999639689922,2.138237980093884,157.492393702639,39.4820301952115
20250718111120022002,2025-07-18 11:11:20.022002,54,-1.5766245020478715,0.5969044568424009,1.2791097043998545,-0.2783200074336491,11.519999742507936,2.116166672770816,159.2635116041741,37.18902857523614
20250718111120022002,2025-07-18 11:11:20.022002,55,-1.0755517285729328,0.6184710197694953,1.7557819032869717,-0.2783200074336491,12.11999972909689,2.1499041874095144,150.0999461450406,54.75373140651498
20250718111120022002,2025-07-18 11:11:20.022002,56,-1.126807441156368,0.6376179802685004,1.7056048034335811,-0.2783200074336491,50.23999887704849,2.141340571628612,150.4961096603587,52.79836139446101
20250718111120022002,2025-07-18 11:11:20.022002,57,-1.1831494301660337,0.6803425769073687,1.7313504369095911,-0.0697200018621515,57.6399987116456,2.20460493772517,150.0999461450406,51.75154710725362
20250718111120022002,2025-07-18 11:11:20.022002,58,-1.2329874035612345,0.6939221218679047,1.6637598851401176,-0.3480400092958007,35.11999921500683,2.18400613642906,150.6293033516506,49.622492383058535
20250718111120022002,2025-07-18 11:11:20.022002,59,-1.288222748413736,0.6924277927486253,1.595237883376559,-0.3480400092958007,18.879999577999115,2.1641991595648253,151.74169206862206,47.48522429477533
20250718111120022002,2025-07-18 11:11:20.022002,60,-1.3412205157845798,0.687207396834606,1.522879133085942,-0.2783200074336491,11.9999997317791,2.1424955851096263,152.87054854497634,45.2997870323038
20250718111120022002,2025-07-18 11:11:20.022002,61,-1.3916725392388676,0.6782333417183856,1.446842396367813,-0.2783200074336491,10.119999773800371,2.1189869849098653,154.01765334697848,43.06276334762632
20250718111120022002,2025-07-18 11:11:20.022002,62,-1.4470542959066328,0.6514594085965719,1.3711249882131011,-0.2783200074336491,13.759999692440031,2.09722417248448,155.76287197531047,40.82727156189806
20250718111120022002,2025-07-18 11:11:20.022002,63,-1.500672447175581,0.6755981359508386,1.3478230875127373,-0.2783200074336491,15.999999642372131,2.12722300435205,155.76287197531047,39.31673426777837
20250718111120022002,2025-07-18 11:11:20.022002,64,-1.553024141716505,0.6422529838025851,1.2669586032229323,-0.2783200074336491,11.879999734461308,2.104651273308292,157.5324638598867,37.011858173826695
20250718111120022002,2025-07-18 11:11:20.022002,65,-1.6095325896069286,0.5888141791616417,1.1873724040676197,-0.2088800055789761,5.639999873936176,2.084982139139303,159.90599975069472,34.714533346788535
20250718111120022002,2025-07-18 11:11:20.022002,66,-1.062125397984061,0.6391200830627239,1.750249003453092,-0.2783200074336491,12.359999723732471,2.1447508982875947,148.9631237114985,54.69247323445205
20250718111120022002,2025-07-18 11:11:20.022002,67,-1.1127412751012595,0.6592510803357476,1.6998082317407808,-0.2783200074336491,50.519998870790005,2.135919744965046,149.35509271542284,52.73280115752884
20250718111120022002,2025-07-18 11:11:20.022002,68,-1.1683799356234317,0.7030573630211536,1.7252640283141565,-0.0697200018621515,54.11999879032373,2.199076464577906,148.9631237114985,51.67817820186732
20250718111120022002,2025-07-18 11:11:20.022002,69,-1.2211136793326574,0.6920067351465222,1.619406615851211,-0.3480400092958007,35.879999198019505,2.1430048359264524,150.45971482637418,49.08403520115071
20250718111120022002,2025-07-18 11:11:20.022002,70,-1.2724942635999548,0.7171632436734721,1.5886100392768268,-0.3480400092958007,21.359999522566795,2.1580654822924554,150.59488842193414,47.402523085729946
20250718111120022002,2025-07-18 11:11:20.022002,71,-1.3252077438755756,0.7129639740167064,1.5159776790302084,-0.2783200074336491,13.23999970406294,2.1360434255865,151.71967447994209,45.21156487889013
20250718111120022002,2025-07-18 11:11:20.022002,72,-1.3754294622688363,0.7049623849672976,1.4396803708148105,-0.2783200074336491,10.119999773800371,2.1122163099468274,152.86305296152955,42.96856727009967
20250718111120022002,2025-07-18 11:11:20.022002,73,-1.430925425123585,0.6792594840513235,1.363675980445476,-0.2783200074336491,13.519999697804453,2.0901084179015004,154.6063346261862,40.726025201960624
20250718111120022002,2025-07-18 11:11:20.022002,74,-1.483945948345065,0.70442829621667,1.3400980693518478,-0.2783200074336491,15.639999650418758,2.1199475553892846,154.6063346261862,39.20799034954764
20250718111120022002,2025-07-18 11:11:20.022002,75,-1.536512751352947,0.6720966126926541,1.258962026962624,-0.2783200074336491,11.9999997317791,2.0970385492873,156.37461973955132,36.89513722598975
20250718111120022002,2025-07-18 11:11:20.022002,76,-1.5936302465078485,0.6197553869426233,1.179081732429862,-0.2088800055789761,6.11999986320734,2.077014163162801,158.7491731037332,34.58868118527133
20250718111120022002,2025-07-18 11:11:20.022002,77,-1.0459136657033612,0.6481860185923177,1.7086584631579735,-0.2783200074336491,12.359999723732471,2.1056101857953125,148.21218605725153,54.24068713557941
20250718111120022002,2025-07-18 11:11:20.022002,78,-1.098230027392359,0.6806081345875443,1.6940856263013042,-0.2783200074336491,48.35999891906977,2.130554560478009,148.21218605725153,52.66832459347568
20250718111120022002,2025-07-18 11:11:20.022002,79,-1.1531431047056622,0.7254823006325942,1.7192552843908528,-0.0697200018621515,48.99999890476465,2.1936048690152123,147.82457904562057,51.60595053461385
20250718111120022002,2025-07-18 11:11:20.022002,80,-1.205531847772639,0.7154471118324686,1.6131257858479304,-0.3480400092958007,35.63999920338392,2.137135093247742,149.3121357343347,49.008560111286975
20250718111120022002,2025-07-18 11:11:20.022002,81,-1.2585249863973802,0.714106947697946,1.5428647961293538,-0.3480400092958007,23.9999994635582,2.1152460030153173,150.4287392183348,46.8362901960749
20250718111120022002,2025-07-18 11:11:20.022002,82,-1.3086649065619171,0.7384060776859284,1.5091604878982914,-0.2783200074336491,14.6399996727705,2.1296508520092297,150.5664045870496,45.124548975807656
20250718111120022002,2025-07-18 11:11:20.022002,83,-1.3586362318773058,0.731372311361186,1.4326038523654026,-0.2783200074336491,10.119999773800371,2.1055050857710507,151.70581730260196,42.875583889007125
20250718111120022002,2025-07-18 11:11:20.022002,84,-1.414224203274824,0.706742434598738,1.356311946040672,-0.2783200074336491,13.119999706745148,2.083049942023353,153.44693140705058,40.62597038257835
20250718111120022002,2025-07-18 11:11:20.022002,85,-1.466972697533246,0.6774117905838183,1.276888853035945,-0.2783200074336491,14.879999667406082,2.059451570767663,155.21367252687733,38.31715849585351
20250718111120022002,2025-07-18 11:11:20.022002,86,-1.5193867764028846,0.7016153187603055,1.251052513510185,-0.2783200074336491,11.759999737143517,2.0894814245135627,155.21367252687733,36.7795869270206
20250718111120022002,2025-07-18 11:11:20.022002,87,-1.5770904725867796,0.6503832174977399,1.1708750299667017,-0.2088800055789761,6.519999854266644,2.0690966686276955,157.5890252494464,34.463913013027
20250718111120022002,2025-07-18 11:11:20.022002,88,-1.0388464439921885,0.6582547204311122,1.7059605626314387,-0.2783200074336491,12.359999723732471,2.103046041440565,147.64001533982645,54.21192523348813
20250718111120022002,2025-07-18 11:11:20.022002,89,-1.0908093048719876,0.6911804705831627,1.6912527774091677,-0.2783200074336491,44.519999004900455,2.127893639166463,147.64001533982645,52.636498470332526
20250718111120022002,2025-07-18 11:11:20.022002,90,-1.1374450319416656,0.7476084200660419,1.713326608557026,-0.0697200018621515,43.119999036192894,2.188192774421838,146.68428445309402,51.53488653319253
20250718111120022002,2025-07-18 11:11:20.022002,91,-1.189467819568611,0.7385818028032439,1.6069268640851675,-0.3480400092958007,34.759999223053455,2.131326047262593,148.16242061989763,48.934263637400605
20250718111120022002,2025-07-18 11:11:20.022002,92,-1.2421125747846349,0.7382620563590181,1.5363924542705336,-0.3480400092958007,26.75999940186739,2.109117418693657,149.27444286514526,46.75684177767059
20250718111120022002,2025-07-18 11:11:20.022002,93,-1.2915986207576655,0.7635235313404827,1.5024302864756274,-0.2783200074336491,16.239999637007713,2.1233209709728254,149.41070758879724,45.03877074838914
20250718111120022002,2025-07-18 11:11:20.022002,94,-1.3500353997092205,0.7444542995049577,1.4290985442068855,-0.2783200074336491,9.999999776482582,2.1021727887054604,151.12620059768395,42.82955796013249
20250718111120022002,2025-07-18 11:11:20.022002,95,-1.3969573106261108,0.7338972674255219,1.3490358305141332,-0.2783200074336491,12.519999720156193,2.0760521666994163,152.28462426902834,40.527146493059576
20250718111120022002,2025-07-18 11:11:20.022002,96,-1.44985074551715,0.7055870800802859,1.2693393069688534,-0.2783200074336491,13.879999689757824,2.052106865655156,154.04957926370835,38.21063071415077
20250718111120022002,2025-07-18 11:11:20.022002,97,-1.5016530670276482,0.7307972949172176,1.2432332265653965,-0.2783200074336491,11.359999746084211,2.0819835435488128,154.04957926370835,36.66525541699877
20250718111120022002,2025-07-18 11:11:20.022002,98,-1.5511001698006115,0.6957106180561206,1.1587295895920813,-0.2088800055789761,6.8799998462200165,2.0573233247663696,155.8424681069491,34.2789090312475
20250718111120022002,2025-07-18 11:11:20.022002,99,-1.0244010663522252,0.6781848248895518,1.700620307236732,-0.2783200074336491,12.11999972909689,2.0979613034658207,146.49422289796846,54.15519495485225
20250718111120022002,2025-07-18 11:11:20.022002,100,-1.0756413727553713,0.7121074742958502,1.68564540366435,-0.2783200074336491,39.759999111294746,2.122616744639932,146.49422289796846,52.57368170912026
20250718111120022002,2025-07-18 11:11:20.022002,101,-1.1212919963509618,0.7694268711691299,1.7074803722038556,-0.0697200018621515,37.35999916493893,2.182842796130601,145.5422144813209,51.46500795072425
20250718111120022002,2025-07-18 11:11:20.022002,102,-1.17133594519848,0.7565722223434505,1.5871878886665365,-0.3480400092958007,33.2399992570281,2.112722134608681,147.14136401847023,48.69899432934385
20250718111120022002,2025-07-18 11:11:20.022002,103,-1.2230389651096307,0.7567640629746806,1.5159645554626422,-0.3480400092958007,29.35999934375286,2.0896565963347733,148.25255470016756,46.507218741874375
20250718111120022002,2025-07-18 11:11:20.022002,104,-1.2740157127492908,0.7883062883342512,1.4957897667529303,-0.2783200074336491,17.999999597668648,2.117056887965506,148.25255470016756,44.95426098342637
20250718111120022002,2025-07-18 11:11:20.022002,105,-1.3324296017224582,0.7703657848777027,1.4221555826265675,-0.2783200074336491,9.63999978452921,2.095556868054985,149.96494952905772,42.73845930425164
20250718111120022002,2025-07-18 11:11:20.022002,106,-1.3791316537039744,0.7607131209610895,1.3418505442149269,-0.2783200074336491,11.759999737143517,2.0691185209311995,151.11937772308966,40.42959240723576
20250718111120022002,2025-07-18 11:11:20.022002,107,-1.432148872559856,0.7334259860522941,1.261879894595488,-0.2783200074336491,12.759999714791777,2.04482393828309,152.88229952985023,38.10534707518312
20250718111120022002,2025-07-18 11:11:20.022002,108,-1.4833187164742243,0.7596308687625372,1.2355072937386398,-0.2783200074336491,10.87999975681305,2.0745485639774848,152.88229952985023,36.55219053486575
20250718111120022002,2025-07-18 11:11:20.022002,109,-1.5329963136592244,0.7255016948741415,1.150747094617039,-0.2088800055789761,7.239999838173389,2.049548555835548,154.67380505254914,34.157082201419215
20250718111120022002,2025-07-18 11:11:20.022002,110,-1.009545941962536,0.6978318988035669,1.695355889647837,-0.2783200074336491,11.879999734461308,2.092936683343389,145.34647586888346,54.09953431800192
20250718111120022002,2025-07-18 11:11:20.022002,111,-1.0600431984505791,0.7327372903411911,1.6801176611149984,-0.2783200074336491,34.879999220371246,2.117401916129391,145.34647586888346,52.51199328966115
20250718111120022002,2025-07-18 11:11:20.022002,112,-1.1629011558296942,0.7678458155410566,1.5841671384734406,-0.3480400092958007,31.119999304413795,2.109860615607837,146.5638285994105,48.66316883758539
20250718111120022002,2025-07-18 11:11:20.022002,113,-1.214415401129773,0.7685361614262939,1.5128102311893128,-0.3480400092958007,31.87999928742647,2.086635424196597,147.67254900638005,46.46882983846525
20250718111120022002,2025-07-18 11:11:20.022002,114,-1.265032715213106,0.8005690525038643,1.4925039689967092,-0.2783200074336491,19.879999555647373,2.113950490398796,147.67254900638002,44.91249121766134
20250718111120022002,2025-07-18 11:11:20.022002,115,-1.3142908496843222,0.7959319929086629,1.4153051378311456,-0.2783200074336491,10.359999768435957,2.0890085706072945,148.80098362498154,42.648660048633445
20250718111120022002,2025-07-18 11:11:20.022002,116,-1.3607543625331924,0.7871792692220462,1.3347589611616408,-0.2783200074336491,10.99999975413084,2.06225243882687,149.9511589585652,40.333346464462544
20250718111120022002,2025-07-18 11:11:20.022002,117,-1.4138741591742088,0.7609173733091322,1.254513599581207,-0.2783200074336491,11.639999739825726,2.0376063796814248,151.7117955746915,38.00135063196124
20250718111120022002,2025-07-18 11:11:20.022002,118,-1.464391058238052,0.7881045072516843,1.227877805299897,-0.2783200074336491,10.119999773800371,2.0671801543518344,151.7117955746915,36.44043979551118
20250718111120022002,2025-07-18 11:11:20.022002,119,-1.5190773666627373,0.6792053808031904,1.0896457233360086,-0.2088800055789761,7.639999829232693,1.9890308689418208,155.90976763931403,33.21809475380045
20250718111120022002,2025-07-18 11:11:20.022002,120,-1.1968048260951565,0.7918275361934802,1.5065693261298343,-0.3480400092958007,33.87999924272299,2.0806450377885697,146.51066399385218,46.39300190812768
20250718111120022002,2025-07-18 11:11:20.022002,121,-1.246688124448052,0.8248312209804571,1.4860029405467785,-0.2783200074336491,21.639999516308308,2.107790919910603,146.51066399385218,44.82994044533636
20250718111120022002,2025-07-18 11:11:20.022002,122,-1.2956263988534569,0.8211426974559611,1.4085499499070775,-0.2783200074336491,11.119999751448631,2.0825311657630627,147.6342757237497,42.56019381028177
20250718111120022002,2025-07-18 11:11:20.022002,123,-1.5009411697449089,0.7083774915631744,1.0818290798163597,-0.2088800055789761,7.879999823868275,1.9811555273437929,154.7347730619675,33.09710570070438
20250718111120022002,2025-07-18 11:11:20.022002,124,-1.18080166123073,0.7866237043836241,1.4617277145427288,-0.3480400092958007,35.11999921500683,2.03708549818749,146.32933337762404,45.85325971346066
20250718111120022002,2025-07-18 11:11:20.022002,125,-1.2300179413446302,0.819410491403238,1.439292312858925,-0.2783200074336491,23.11999948322773,2.062992983823787,146.32933337762404,44.240520392943125
20250718111120022002,2025-07-18 11:11:20.022002,126,-1.1717514189927731,0.7979857577031145,1.4586832615314118,-0.3480400092958007,35.23999921232462,2.0340942738429084,145.74436710319625,45.81695171324428
20250718111120022002,2025-07-18 11:11:20.022002,127,-1.2110409634935295,0.8429900952649715,1.4329741770463276,-0.4174800111504737,24.119999460875988,2.056858650480334,145.15871814571875,44.16131661526334
20250718111120022002,2025-07-18 11:11:20.022002,128,-1.4569592458510998,0.7572592018257155,1.0505321693502734,-0.2088800055789761,7.879999823868275,1.9493048970493343,152.53670120342784,32.61059453242052
20250718111120022002,2025-07-18 11:11:20.022002,129,-1.4491590480657262,0.78952701032848,0.9425570850852338,0.2783200074336491,6.239999860525131,1.900481177300465,151.4176845301918,29.732880740896785
20250718111120022002,2025-07-18 11:11:20.022002,130,0.0528459589031562,0.1523774301336792,2.194929293575877,-1.1132800297345966,5.119999885559082,2.200846696247614,70.87296201033014,85.79752004122447
20250718111120077771,2025-07-18 11:11:20.077771,1,-1.2188007020084182,0.5226584429024438,2.0653699534572536,0.0697200018621515,21.99999950826168,2.454465327479172,156.7888890198294,57.29615095117536
20250718111120077771,2025-07-18 11:11:20.077771,2,-1.2783537850532565,0.5482404747189056,2.0111877577663444,-0.0697200018621515,35.51999920606613,2.445328651709053,156.78722796239742,55.331926281196
20250718111120077771,2025-07-18 11:11:20.077771,3,-1.336481662051544,0.5731694538892655,2.0116964750048214,-0.0697200018621515,32.119999282062054,2.48226291182433,156.78722796239742,54.13781292405386
20250718111120077771,2025-07-18 11:11:20.077771,4,-1.5121059136500934,0.4251144429002018,1.5146654008952003,-0.1391600037168245,8.879999801516533,2.18206275352634,164.29716824230098,43.95903087409624
20250718111120077771,2025-07-18 11:11:20.077771,5,-1.570051578224276,0.4414053248361583,1.4960668122433742,-0.0697200018621515,9.63999978452921,2.2131688877657543,164.29716824230098,42.53061207157035
20250718111120077771,2025-07-18 11:11:20.077771,6,-1.6282271859118478,0.4577608531290036,1.4773944196683262,-0.2783200074336491,9.239999793469906,2.2457433154452264,164.29716824230098,41.13719707197728
20250718111120077771,2025-07-18 11:11:20.077771,7,-1.2099282185250326,0.546785763831929,2.004389129298424,0.0697200018621515,25.23999943584204,2.4042622043284125,155.68103427242244,56.4788045426836
20250718111120077771,2025-07-18 11:11:20.077771,8,-1.2675655446946492,0.5728329862475716,2.0045982141623853,-0.0697200018621515,40.99999908357859,2.439933204096657,155.68103427242244,55.24318518631295
20250718111120077771,2025-07-18 11:11:20.077771,9,-1.3193644112107472,0.6116525940000255,2.0013849486899296,-0.1391600037168245,36.87999917566776,2.473940795200854,155.12773064911383,53.99703719017093
20250718111120077771,2025-07-18 11:11:20.077771,10,-1.4953406446844557,0.4686922648399528,1.5029887586985369,-0.1391600037168245,9.119999796152117,2.171333988943271,162.59717703566864,43.80419574480997
20250718111120077771,2025-07-18 11:11:20.077771,11,-1.5526438445719986,0.4866530998064473,1.48394270748078,-0.1391600037168245,10.359999768435957,2.202185302540167,162.59717703566864,42.36491462938592
20250718111120077771,2025-07-18 11:11:20.077771,12,-1.606566032173976,0.450072980504128,1.4082523707875867,-0.1391600037168245,10.119999773800371,2.183299073270532,164.3499990247946,40.16651574697028
20250718111120077771,2025-07-18 11:11:20.077771,13,-1.1935756085002942,0.581612471397307,1.9950573411312456,0.0697200018621515,28.879999354481697,2.396486927670044,154.02068236492929,56.35563361320334
20250718111120077771,2025-07-18 11:11:20.077771,14,-1.250433945715616,0.6093187329795925,1.9948218877902937,0.0697200018621515,47.51999893784523,2.4319063993017926,154.02068236492929,55.11191436353492
20250718111120077771,2025-07-18 11:11:20.077771,15,-1.3057654445624267,0.636828989474845,1.934664669967532,-0.0697200018621515,42.23999905586243,2.419401153853871,154.00125379954258,53.09631960336621
20250718111120077771,2025-07-18 11:11:20.077771,16,-1.3625573746766253,0.6645267261668059,1.931823026766876,-0.1391600037168245,22.239999502897263,2.4556259030687806,154.00125379954255,51.87750654172133
20250718111120077771,2025-07-18 11:11:20.077771,17,-1.4772296701312206,0.51176473092366,1.4914475261953906,-0.1391600037168245,9.63999978452921,2.1606772923154702,160.89210079058026,43.65136865723432
20250718111120077771,2025-07-18 11:11:20.077771,18,-1.5338388363223805,0.5313761530940923,1.4719592014693017,-0.1391600037168245,11.119999751448631,2.191274990200457,160.89210079058026,42.20122384456595
20250718111120077771,2025-07-18 11:11:20.077771,19,-1.5882089973462536,0.4963651870898678,1.395848411417083,-0.2783200074336491,10.99999975413084,2.1719067673042383,162.64433616616898,39.99220565967298
20250718111120077771,2025-07-18 11:11:20.077771,20,-1.126875400106455,0.5507279330401091,1.839342045645532,-0.2088800055789761,11.879999734461308,2.226281335428028,153.9542582109686,55.70981252628162
20250718111120077771,2025-07-18 11:11:20.077771,21,-1.1820761771227295,0.6045602699561149,1.988908497039341,0.0697200018621515,32.87999926507473,2.3913498736332555,152.91301046731877,56.27475139486573
20250718111120077771,2025-07-18 11:11:20.077771,22,-1.2366335311035788,0.6331411729752571,1.9310728744423056,-0.0697200018621515,54.9999987706542,2.378901570383495,152.8881113664327,54.26724562228426
20250718111120077771,2025-07-18 11:11:20.077771,23,-1.2928643512633928,0.6619306619692794,1.9279386970939776,-0.0697200018621515,48.51999891549349,2.413834719233118,152.8881113664327,53.00649154999412
20250718111120077771,2025-07-18 11:11:20.077771,24,-1.349095171423207,0.6907201509633017,1.9248045197456496,-0.1391600037168245,24.63999944925308,2.4499029670045016,152.8881113664327,51.78228142622286
20250718111120077771,2025-07-18 11:11:20.077771,25,-1.464416072196569,0.5401797934066536,1.4838337331501923,-0.2783200074336491,10.119999773800371,2.15361816238323,159.7524733326505,43.55066523813895
20250718111120077771,2025-07-18 11:11:20.077771,26,-1.518895741733735,0.5080955349505865,1.4095392223803405,-0.0697200018621515,11.759999737143517,2.133543101585288,161.50406660921382,41.34996417932745
20250718111120077771,2025-07-18 11:11:20.077771,27,-1.5751758563586082,0.5269221562661253,1.387660696203162,-0.2783200074336491,11.879999734461308,2.1643539786749906,161.50406660921382,39.87711314188796
20250718111120077771,2025-07-18 11:11:20.077771,28,-1.1091646152812873,0.583128094356587,1.830660448586143,-0.2088800055789761,12.759999714791777,2.2184684348075923,152.26746594095252,55.60787257435501
20250718111120077771,2025-07-18 11:11:20.077771,29,-1.1681516922287216,0.6270377332055194,1.928128343221534,0.0697200018621515,37.11999917030335,2.3399644447842705,151.77409020374498,55.48713528640002
20250718111120077771,2025-07-18 11:11:20.077771,30,-1.2237989108568268,0.6569079170693863,1.9247045945555663,-0.0697200018621515,63.23999858647585,2.3735415652619407,151.77409020374498,54.18394652014661
20250718111120077771,2025-07-18 11:11:20.077771,31,-1.279446129484932,0.686778100933253,1.9212808458896,-0.0697200018621515,55.519998759031296,2.408311991200001,151.77409020374498,52.91774817280408
20250718111120077771,2025-07-18 11:11:20.077771,32,-1.335093348113037,0.7166482847971198,1.917857097223632,-0.1391600037168245,27.119999393820763,2.444224796873109,151.77409020374498,51.688172045173744
20250718111120077771,2025-07-18 11:11:20.077771,33,-1.3860154655147316,0.6081544512336974,1.544061306019007,-0.2783200074336491,7.999999821186066,2.162178536556706,156.30914392251478,45.57136743234388
20250718111120077771,2025-07-18 11:11:20.077771,34,-1.444099065667642,0.5823241016523522,1.4725411997901894,-0.2783200074336491,10.359999768435957,2.1431054700846865,158.03854556646044,43.4014790992838
20250718111120077771,2025-07-18 11:11:20.077771,35,-1.498907033643723,0.5518234182043165,1.3978223713757814,-0.1391600037168245,12.23999972641468,2.122531215860896,159.7887891775904,41.19043710173506
20250718111120077771,2025-07-18 11:11:20.077771,36,-1.5544465004732282,0.5722703023293446,1.375509697087274,-0.2783200074336491,12.759999714791777,2.15309640948628,159.7887891775904,39.70626054260973
20250718111120077771,2025-07-18 11:11:20.077771,37,-1.096801863719299,0.6044368041152911,1.824950797014549,-0.2088800055789761,13.639999695122242,2.213315067935714,151.14126960749104,55.54114961751522
20250718111120077771,2025-07-18 11:11:20.077771,38,-1.155433428432822,0.6494825896469701,1.9221142620638143,0.0697200018621515,41.51999907195568,2.334818467937857,150.659152007077,55.41038465736722
20250718111120077771,2025-07-18 11:11:20.077771,39,-1.2104747873847148,0.6804219786849449,1.918404020734902,0.0697200018621515,71.8799983933568,2.368226607979786,150.65915200707698,54.10172692943881
20250718111120077771,2025-07-18 11:11:20.077771,40,-1.260882658730636,0.7099123714458526,1.8549392913990712,-0.0697200018621515,62.99999859184027,2.3525731506152154,150.61926628314615,52.04299480340246
20250718111120077771,2025-07-18 11:11:20.077771,41,-1.3157224924350974,0.7407887389850997,1.848630135601232,-0.0697200018621515,29.759999334812164,2.386907415707569,150.61926628314615,50.758597410622265
20250718111120077771,2025-07-18 11:11:20.077771,42,-1.3716304583896768,0.6347921527441822,1.5369237554110513,-0.2783200074336491,8.239999815821648,2.1555662415046952,155.16524618986904,45.47972127247645
20250718111120077771,2025-07-18 11:11:20.077771,43,-1.4298312223449317,0.6100850612847732,1.465102673075569,-0.2783200074336491,10.639999762177467,2.1361523702789613,156.89286836093063,43.3033233988381
20250718111120077771,2025-07-18 11:11:20.077771,44,-1.4848306704328558,0.5806450713606577,1.3900996326880095,-0.1391600037168245,12.759999714791777,2.115241784655562,158.6419485675324,41.08533753276382
20250718111120077771,2025-07-18 11:11:20.077771,45,-1.5398485614140385,0.60215989313193,1.3675008053696245,-0.2783200074336491,13.23999970406294,2.14564409482843,158.6419485675324,39.59361607494147
20250718111120077771,2025-07-18 11:11:20.077771,46,-1.5946444928037908,0.6804081264389488,1.4034463206107397,-0.2783200074336491,6.359999857842922,2.230584643493594,156.89286836093063,38.98988409984865
20250718111120077771,2025-07-18 11:11:20.077771,47,-1.0840004060552646,0.625502438180956,1.8193062773786048,-0.2088800055789761,14.359999679028988,2.20820866573055,150.0136976927871,55.47543944247207
20250718111120077771,2025-07-18 11:11:20.077771,48,-1.1377665842152005,0.6702701211802181,1.8616331164448847,-0.1391600037168245,45.2399989888072,2.2824225497808164,149.4972191177993,54.65060557135616
20250718111120077771,2025-07-18 11:11:20.077771,49,-1.19196634806503,0.7021997654390386,1.8550417360006288,-0.0697200018621515,80.11999820917845,2.31409769193229,149.4972191177993,53.285691251804565
20250718111120077771,2025-07-18 11:11:20.077771,50,-1.2461661119148597,0.7341294096978589,1.8484503555563725,-0.0697200018621515,70.51999842375517,2.347050209438393,149.4972191177993,51.95836761730994
20250718111120077771,2025-07-18 11:11:20.077771,51,-1.3003658757646894,0.7660590539566794,1.8418589751121164,-0.0697200018621515,32.63999927043915,2.381227072163284,149.4972191177993,50.66846909398531
20250718111120077771,2025-07-18 11:11:20.077771,52,-1.356696817393953,0.6611466484266227,1.5298620895760118,-0.2783200074336491,8.51999980956316,2.149004224792152,154.01906045664947,45.38918338481376
20250718111120077771,2025-07-18 11:11:20.077771,53,-1.4149914656230114,0.6375648537249328,1.4577394848830534,-0.2783200074336491,10.639999762177467,2.12924733093137,155.7446926405961,43.20625301130773
20250718111120077771,2025-07-18 11:11:20.077771,54,-1.462604364290992,0.6233533278935047,1.378655989839892,-0.1391600037168245,12.879999712109566,2.1043937930340832,156.9165839443372,40.92966957674524
20250718111120077771,2025-07-18 11:11:20.077771,55,-1.5167986970627585,0.6464506319293947,1.3556331376766662,-0.2783200074336491,13.639999695122242,2.134553328193109,156.9165839443372,39.42664825887676
20250718111120077771,2025-07-18 11:11:20.077771,56,-1.578094192347805,0.7110554496987008,1.3952343950931134,-0.2088800055789761,6.6399998515844345,2.223209425519544,155.7446926405961,38.87155997923698
20250718111120077771,2025-07-18 11:11:20.077771,57,-1.0707653627013358,0.6463165705812034,1.813729147410804,-0.2088800055789761,14.879999667406082,2.2031516043015045,148.8847171399885,55.41076115909694
20250718111120077771,2025-07-18 11:11:20.077771,58,-1.1238750856653634,0.6921166299011984,1.8557793620756584,0.0697200018621515,48.119998924434185,2.2772873508345537,148.37396868716672,54.57825233156043
20250718111120077771,2025-07-18 11:11:20.077771,59,-1.1774131004786446,0.7250869758558214,1.8489091264524504,-0.0697200018621515,86.87999805808067,2.3087913915322966,148.37396868716672,53.2077655656505
20250718111120077771,2025-07-18 11:11:20.077771,60,-1.2314436763214058,0.7433023904845514,1.7857774714291512,-0.0697200018621515,77.51999826729298,2.293022710117787,148.8847171399885,51.149695609976725
20250718111120077771,2025-07-18 11:11:20.077771,61,-1.2850031141947624,0.7756309971190005,1.7764602461019336,-0.0697200018621515,35.51999920606613,2.3256498990954326,148.8847171399885,49.80527100955389
20250718111120077771,2025-07-18 11:11:20.077771,62,-1.3412205157845798,0.687207396834606,1.522879133085942,-0.2783200074336491,8.759999804198742,2.1424955851096263,152.87054854497634,45.2997870323038
20250718111120077771,2025-07-18 11:11:20.077771,63,-1.3916725392388676,0.6782333417183856,1.446842396367813,-0.2783200074336491,10.639999762177467,2.1189869849098653,154.01765334697848,43.06276334762632
20250718111120077771,2025-07-18 11:11:20.077771,64,-1.4470542959066328,0.6514594085965719,1.3711249882131011,-0.2783200074336491,12.879999712109566,2.09722417248448,155.76287197531047,40.82727156189806
20250718111120077771,2025-07-18 11:11:20.077771,65,-1.500672447175581,0.6755981359508386,1.3478230875127373,-0.2783200074336491,13.759999692440031,2.12722300435205,155.76287197531047,39.31673426777837
20250718111120077771,2025-07-18 11:11:20.077771,66,-1.5520873483542963,0.7564116983215693,1.3830812249029107,-0.2088800055789761,6.999999843537808,2.21224941382253,154.01765334697848,38.69630068857639
20250718111120077771,2025-07-18 11:11:20.077771,67,-1.063827294641698,0.6532553471278292,1.798780367465543,-0.2088800055789761,15.239999659359457,2.1895391916463263,148.44751755704326,55.23862516264186
20250718111120077771,2025-07-18 11:11:20.077771,68,-1.1172072744221644,0.6894710357977865,1.80151114201913,-0.2088800055789761,49.63999889045954,2.229117493100116,148.31968883067353,53.91774833133768
20250718111120077771,2025-07-18 11:11:20.077771,69,-1.1704276548455887,0.7223153536394056,1.7920557322904238,-0.0697200018621515,91.11999796330927,2.259005115745764,148.31968883067353,52.49443732463288
20250718111120077771,2025-07-18 11:11:20.077771,70,-1.2236480352690131,0.7551596714810249,1.7826003225617173,-0.0697200018621515,83.11999814212322,2.290249888908672,148.31968883067353,51.10912549172589
20250718111120077771,2025-07-18 11:11:20.077771,71,-1.2768684156924377,0.7880039893226441,1.7731449128330108,-0.0697200018621515,38.1199991479516,2.322797046684644,148.31968883067353,49.76186616020856
20250718111120077771,2025-07-18 11:11:20.077771,72,-1.3252077438755756,0.7129639740167064,1.5159776790302084,-0.4174800111504737,9.119999796152117,2.1360434255865,151.71967447994209,45.21156487889013
20250718111120077771,2025-07-18 11:11:20.077771,73,-1.3754294622688363,0.7049623849672976,1.4396803708148105,-0.2783200074336491,10.239999771118164,2.1122163099468274,152.86305296152955,42.96856727009967
20250718111120077771,2025-07-18 11:11:20.077771,74,-1.430925425123585,0.6792594840513235,1.363675980445476,-0.2783200074336491,12.639999717473984,2.0901084179015004,154.6063346261862,40.726025201960624
20250718111120077771,2025-07-18 11:11:20.077771,75,-1.483945948345065,0.70442829621667,1.3400980693518478,-0.2783200074336491,13.519999697804453,2.1199475553892846,154.6063346261862,39.20799034954764
20250718111120077771,2025-07-18 11:11:20.077771,76,-1.5339719702371724,0.7862217353026402,1.3750936495674908,-0.2088800055789761,7.239999838173389,2.205016364478152,152.86305296152955,38.58101533823982
20250718111120077771,2025-07-18 11:11:20.077771,77,-1.048851528005284,0.6631474665779422,1.7568821033627624,-0.2088800055789761,15.239999659359457,2.1509274314453584,147.69644633126669,54.76594393016894
20250718111120077771,2025-07-18 11:11:20.077771,78,-1.102637785661311,0.7109138068212346,1.7957655688399117,-0.2088800055789761,49.359998896718025,2.2239564980745623,147.1885376627973,53.84892537627866
20250718111120077771,2025-07-18 11:11:20.077771,79,-1.155164119642164,0.7447795935140934,1.786036457357422,-0.0697200018621515,91.87999794632196,2.2536696770453126,147.18853766279727,52.419892991589165
20250718111120077771,2025-07-18 11:11:20.077771,80,-1.2062414666679988,0.7626589191545847,1.7203999990631058,-0.2088800055789761,86.35999806970358,2.235272524693966,147.69644633126669,50.32337289181381
20250718111120077771,2025-07-18 11:11:20.077771,81,-1.25870477955557,0.795829403346799,1.7082392976298868,-0.2088800055789761,40.639999091625214,2.266222332268925,147.69644633126669,48.919122368294445
20250718111120077771,2025-07-18 11:11:20.077771,82,-1.309221019026951,0.7089636901239097,1.4688864440683216,-0.2783200074336491,9.63999978452921,2.0914866904055973,151.56376096443648,44.61318586282018
20250718111120077771,2025-07-18 11:11:20.077771,83,-1.3586362318773058,0.731372311361186,1.4326038523654026,-0.2783200074336491,9.879999779164793,2.1055050857710507,151.70581730260196,42.875583889007125
20250718111120077771,2025-07-18 11:11:20.077771,84,-1.414224203274824,0.706742434598738,1.356311946040672,-0.2783200074336491,12.23999972641468,2.083049942023353,153.44693140705058,40.62597038257835
20250718111120077771,2025-07-18 11:11:20.077771,85,-1.4666258909474266,0.7329295810476953,1.3324611730981253,-0.2783200074336491,12.999999709427357,2.1127304732469105,153.44693140705058,39.100460442916905
20250718111120077771,2025-07-18 11:11:20.077771,86,-1.5152430238120682,0.8156758715819553,1.367201437537692,-0.2088800055789761,7.639999829232693,2.197846291144413,151.70581730260196,38.46702857343023
20250718111120077771,2025-07-18 11:11:20.077771,87,-1.0345732068341589,0.6832724745512783,1.751489623728637,-0.2088800055789761,15.119999662041664,2.1459074762924017,146.5576723182986,54.706185844992376
20250718111120077771,2025-07-18 11:11:20.077771,88,-1.086322321371336,0.7174496070268563,1.739059191700829,-0.2088800055789761,47.51999893784523,2.172362077732839,146.5576723182986,53.18154347659384
20250718111120077771,2025-07-18 11:11:20.077771,89,-1.1380714359085131,0.7516267395024342,1.7266287596730203,-0.0697200018621515,89.11999800801277,2.2003173004128103,146.5576723182986,51.69461130024576
20250718111120077771,2025-07-18 11:11:20.077771,90,-1.1898205504456902,0.7858038719780122,1.714198327645212,-0.2088800055789761,86.75999806076288,2.229716702628422,146.5576723182986,50.24593548861214
20250718111120077771,2025-07-18 11:11:20.077771,91,-1.2415696649828676,0.8199810044535901,1.7017678956174036,-0.2783200074336491,42.63999904692173,2.260503937449452,146.5576723182986,48.83583902767414
20250718111120077771,2025-07-18 11:11:20.077771,92,-1.2925149074350628,0.7340953665358239,1.4621524316693089,-0.4174800111504737,10.119999773800371,2.085037296200648,150.4052047170236,44.52814988290789
20250718111120077771,2025-07-18 11:11:20.077771,93,-1.3500353997092205,0.7444542995049577,1.4290985442068855,-0.2783200074336491,9.359999790787697,2.1021727887054604,151.12620059768395,42.82955796013249
20250718111120077771,2025-07-18 11:11:20.077771,94,-1.3969573106261108,0.7338972674255219,1.3490358305141332,-0.2783200074336491,11.519999742507936,2.0760521666994163,152.28462426902834,40.527146493059576
20250718111120077771,2025-07-18 11:11:20.077771,95,-1.4487192027743836,0.7610905903105039,1.3249154534081105,-0.2783200074336491,12.359999723732471,2.105575259596782,152.28462426902834,38.99418808175509
20250718111120077771,2025-07-18 11:11:20.077771,96,-1.4959080004075025,0.8447623258982464,1.3594077455929572,-0.2088800055789761,7.999999821186066,2.1907426940921915,150.54591261282684,38.354387358280114
20250718111120077771,2025-07-18 11:11:20.077771,97,-1.0198810701929235,0.7031176400687217,1.7461721276545763,-0.2088800055789761,14.6399996727705,2.1409457985926177,145.41717748761758,54.64750579155248
20250718111120077771,2025-07-18 11:11:20.077771,98,-1.070895287424796,0.7382874231721988,1.733475715692656,-0.2088800055789761,44.359999008476734,2.1672155159879805,145.41717748761758,53.11703112178097
20250718111120077771,2025-07-18 11:11:20.077771,99,-1.1219095046566685,0.7734572062756757,1.720779303730736,-0.2088800055789761,83.51999813318253,2.1949939404760963,145.41717748761758,51.624250528970194
20250718111120077771,2025-07-18 11:11:20.077771,100,-1.172278134934138,0.8044133913714646,1.6941792460657492,-0.2088800055789761,84.23999811708927,2.211687194804526,145.54221448132088,49.99712090218809
20250718111120077771,2025-07-18 11:11:20.077771,101,-1.2232642735173145,0.8393999115737992,1.6808781199276426,-0.2783200074336491,43.99999901652336,2.2419453491254937,145.5422144813209,48.56793868362615
20250718111120077771,2025-07-18 11:11:20.077771,102,-1.2811667231890362,0.7407273202222803,1.444387127273082,-0.4174800111504737,10.759999759495258,2.067926330642076,149.96494952905772,44.30448197157527
20250718111120077771,2025-07-18 11:11:20.077771,103,-1.3324296017224582,0.7703657848777027,1.4221555826265675,-0.2783200074336491,8.759999804198742,2.095556868054985,149.96494952905772,42.73845930425164
20250718111120077771,2025-07-18 11:11:20.077771,104,-1.3791316537039744,0.7607131209610895,1.3418505442149269,-0.2783200074336491,10.759999759495258,2.0691185209311995,151.11937772308966,40.42959240723576
20250718111120077771,2025-07-18 11:11:20.077771,105,-1.4302330462621329,0.7889000599773689,1.317463928468936,-0.0697200018621515,11.519999742507936,2.0984854238400983,151.11937772308966,38.88921637449814
20250718111120077771,2025-07-18 11:11:20.077771,106,-1.486015617249469,0.8591640307623285,1.3555488204049948,-0.2088800055789761,8.239999815821648,2.1872169190472315,149.96494952905772,38.2985859079943
20250718111120077771,2025-07-18 11:11:20.077771,107,-1.530391826184636,0.6417752242760448,1.0814760078734411,-0.2088800055789761,5.359999880194664,1.980799064961711,157.24908711814942,33.091635890223245
20250718111120077771,2025-07-18 11:11:20.077771,108,-1.587750916205628,0.5691063389439868,1.0016186259778346,-0.1391600037168245,4.999999888241291,1.961651056850776,160.28051658596675,30.70378999633876
20250718111120077771,2025-07-18 11:11:20.077771,109,-1.012381651124971,0.7129327968840712,1.7435421643123186,-0.2088800055789761,13.999999687075617,2.1384875634761946,144.8462774152366,54.61857472862983
20250718111120077771,2025-07-18 11:11:20.077771,110,-1.0630207491349783,0.7485935318804473,1.7307142021871735,-0.2088800055789761,40.51999909430742,2.16466557202657,144.8462774152366,53.08520605531242
20250718111120077771,2025-07-18 11:11:20.077771,111,-1.1130468795192645,0.780217988978483,1.7045889009014104,-0.2783200074336491,76.11999829858541,2.180191915270185,144.97050640346794,51.43051980431998
20250718111120077771,2025-07-18 11:11:20.077771,112,-1.1610377114266652,0.8025480734164391,1.6496412040493214,-0.2088800055789761,79.35999822616577,2.171038479529232,145.34647586888346,49.45006730206849
20250718111120077771,2025-07-18 11:11:20.077771,113,-1.2115349679147085,0.8374534649540633,1.6344029755164828,-0.2088800055789761,44.63999900221825,2.2000950822227643,145.34647586888343,47.97718636597618
20250718111120077771,2025-07-18 11:11:20.077771,114,-1.2637258276389856,0.7653099134977913,1.437800241257046,-0.4174800111504737,11.359999746084211,2.061545964779504,148.8009836249815,44.22180426222755
20250718111120077771,2025-07-18 11:11:20.077771,115,-1.3142908496843222,0.7959319929086629,1.4153051378311456,-0.1391600037168245,8.51999980956316,2.0890085706072945,148.80098362498154,42.648660048633445
20250718111120077771,2025-07-18 11:11:20.077771,116,-1.3607543625331924,0.7871792692220462,1.3347589611616408,-0.2783200074336491,9.759999781847,2.06225243882687,149.9511589585652,40.333346464462544
20250718111120077771,2025-07-18 11:11:20.077771,117,-1.4111748156264696,0.816346866631709,1.3101095787910926,-0.0697200018621515,10.639999762177467,2.091464481017544,149.9511589585652,38.78558798341373
20250718111120077771,2025-07-18 11:11:20.077771,118,-1.4657860540731174,0.8876771952542784,1.3479087410057211,-0.2088800055789761,8.639999806880951,2.180219606684008,148.80098362498154,38.18805026337933
20250718111120077771,2025-07-18 11:11:20.077771,119,-1.5129341265874268,0.671172474889813,1.0735990383117868,-0.2088800055789761,5.879999868571758,1.9728297081873465,156.07682182813514,32.96949595881737
20250718111120077771,2025-07-18 11:11:20.077771,120,-1.5627966800671655,0.614757691179192,0.9893863830130228,-0.1391600037168245,5.359999880194664,1.949139783849408,158.52680086408705,30.50420209924093
20250718111120077771,2025-07-18 11:11:20.077771,121,-1.093755029363617,0.7889352505304923,1.6591741060071588,-0.2088800055789761,67.99999848008156,2.138124787712932,144.19675248945308,50.89532835189553
20250718111120077771,2025-07-18 11:11:20.077771,122,-1.1434890377081524,0.8248088339927881,1.643676451229986,-0.2088800055789761,73.11999836564064,2.165536669816344,144.19675248945308,49.377505721400034
20250718111120077771,2025-07-18 11:11:20.077771,123,-1.1920865936963967,0.8559192103020565,1.613815682192962,-0.2783200074336491,44.519999004900455,2.1812998871147244,144.32162010923747,47.71789610101551
20250718111120077771,2025-07-18 11:11:20.077771,124,-1.245779458629928,0.7895506806590696,1.4313049472722708,-0.4174800111504737,11.9999997317791,2.055234923058568,147.6342757237497,44.14041284990088
20250718111120077771,2025-07-18 11:11:20.077771,125,-1.4948712735388208,0.700226611882407,1.0658140057678382,-0.2088800055789761,6.359999857842922,1.9649216084441576,154.90069971216116,32.84857376093099
20250718111120077771,2025-07-18 11:11:20.077771,126,-1.5453777443822492,0.644781350795283,0.9813415676650644,-0.1391600037168245,5.879999868571758,1.940867495629901,157.3525313862316,30.372522941806743
20250718111120077771,2025-07-18 11:11:20.077771,127,-1.5945687645643436,0.7469268445979068,1.003510313520379,-0.0697200018621515,5.119999885559082,2.026717100497012,154.90069971216116,29.67903485353344
20250718111120077771,2025-07-18 11:11:20.077771,128,-1.4762104919388783,0.7289260139869328,1.0581240241506744,-0.2088800055789761,6.999999843537808,1.9570786905135216,153.72067407095537,32.72892233148782
20250718111120077771,2025-07-18 11:11:20.077771,129,-1.1987496871387089,0.8485938263823514,1.415484384057124,-0.4174800111504737,13.999999687075617,2.039781443218603,144.70535721515787,43.942748491063846
20250718111120077771,2025-07-18 11:11:20.077771,130,-1.4742311925951044,0.8436958210270191,0.9007453872161116,0.0697200018621515,5.999999865889549,1.9226342606512403,150.21768978461262,27.93667664873077
20250718111120077771,2025-07-18 11:11:20.077771,131,-1.3266360264307306,0.9371425510235646,0.9030036201657023,0.1391600037168245,10.639999762177467,1.858390391062985,144.76241866173348,29.071868545766023
20250718111120077771,2025-07-18 11:11:20.077771,132,-1.2196617055770986,1.1610466122607443,1.274659626483472,-0.0697200018621515,11.519999742507936,2.1119566935144225,136.4103865974824,37.12417029133356
20250718111120077771,2025-07-18 11:11:20.077771,133,-1.2494440161275608,1.1692814125282942,1.181873155838111,-0.2088800055789761,16.639999628067017,2.0797003456295977,136.89823046172793,34.63107638268306
20250718111120133669,2025-07-18 11:11:20.133669,1,-1.2188007020084182,0.5226584429024438,2.0653699534572536,0.2088800055789761,29.23999934643507,2.454465327479172,156.7888890198294,57.29615095117536
20250718111120133669,2025-07-18 11:11:20.133669,2,-1.27686068649498,0.5475563126170585,2.068483980613097,-0.0697200018621515,55.35999876260757,2.491749808118027,156.7888890198294,56.1124125224217
20250718111120133669,2025-07-18 11:11:20.133669,3,-1.3349206709815418,0.5724541823316731,2.071598007768941,-0.0697200018621515,62.759998597204685,2.5300662628625123,156.7888890198294,54.96405020361793
20250718111120133669,2025-07-18 11:11:20.133669,4,-1.3929806554681037,0.5973520520462877,2.0747120349247843,-0.0697200018621515,43.99999901652336,2.5693685232862173,156.7888890198294,53.85038349528609
20250718111120133669,2025-07-18 11:11:20.133669,5,-1.4539303059625217,0.4087589146073563,1.533337793470248,-0.2088800055789761,15.75999964773655,2.152236505068963,164.29716824230098,45.43372878192187
20250718111120133669,2025-07-18 11:11:20.133669,6,-1.5126289483610031,0.3599223390117685,1.4660095214268964,-0.2088800055789761,7.879999823868275,2.13700124998881,166.6156543238838,43.315284858621375
20250718111120133669,2025-07-18 11:11:20.133669,7,-1.5705946562361512,0.3737149833899567,1.44554638264946,-0.2088800055789761,8.639999806880951,2.1670336424242813,166.6156543238838,41.840732357231865
20250718111120133669,2025-07-18 11:11:20.133669,8,-1.6287903867615974,0.3875623604839314,1.4250020409403672,-0.2088800055789761,10.519999764859676,2.1985889847707054,166.6156543238838,40.40180569321341
20250718111120133669,2025-07-18 11:11:20.133669,9,-1.2099282185250326,0.546785763831929,2.004389129298424,-0.1391600037168245,32.99999926239252,2.4042622043284125,155.68103427242244,56.4788045426836
20250718111120133669,2025-07-18 11:11:20.133669,10,-1.2675655446946492,0.5728329862475716,2.0045982141623853,-0.0697200018621515,63.75999857485294,2.439933204096657,155.68103427242244,55.24318518631295
20250718111120133669,2025-07-18 11:11:20.133669,11,-1.3193644112107472,0.6116525940000255,2.0013849486899296,-0.0697200018621515,72.75999837368727,2.473940795200854,155.12773064911383,53.99703719017093
20250718111120133669,2025-07-18 11:11:20.133669,12,-1.3815495948796588,0.6241528490593913,2.0675307830086127,-0.0697200018621515,50.35999887436628,2.5637725329656904,155.68762407207169,53.74963177882738
20250718111120133669,2025-07-18 11:11:20.133669,13,-1.437810051146565,0.4506601567188293,1.522110389484618,-0.2088800055789761,17.11999961733818,2.1417778497801643,162.59717703566864,45.28995362428016
20250718111120133669,2025-07-18 11:11:20.133669,14,-1.4973745473809357,0.4035372109076497,1.4543229517244085,-0.2088800055789761,8.759999804198742,2.126035762550522,164.91731615365083,43.16124328680171
20250718111120133669,2025-07-18 11:11:20.133669,15,-1.5547556887951686,0.4190012281139647,1.433411969947424,-0.2088800055789761,10.119999773800371,2.1558054542538168,164.91731615365083,41.67525629782307
20250718111120133669,2025-07-18 11:11:20.133669,16,-1.6123645331515215,0.4345266104679239,1.412418008084023,-0.2088800055789761,11.759999737143517,2.187111655249842,164.91731615365083,40.22504166840376
20250718111120133669,2025-07-18 11:11:20.133669,17,-1.1935756085002942,0.581612471397307,1.9950573411312456,-0.1391600037168245,37.11999917030335,2.396486927670044,154.02068236492929,56.35563361320334
20250718111120133669,2025-07-18 11:11:20.133669,18,-1.250433945715616,0.6093187329795925,1.9948218877902937,-0.0697200018621515,72.75999837368727,2.4319063993017926,154.02068236492929,55.11191436353492
20250718111120133669,2025-07-18 11:11:20.133669,19,-1.307292282930938,0.6370249945618781,1.994586434449342,-0.0697200018621515,83.3599981367588,2.468438575536504,154.02068236492929,53.904453297287695
20250718111120133669,2025-07-18 11:11:20.133669,20,-1.36415062014626,0.6647312561441637,1.9943509811083904,-0.0697200018621515,57.87999870628119,2.506034794887817,154.02068236492929,52.73271393066928
20250718111120133669,2025-07-18 11:11:20.133669,21,-1.4203958643916832,0.4920754856493767,1.5110131855434086,-0.2088800055789761,18.759999580681324,2.1313900492505136,160.8921007905803,45.148184373848906
20250718111120133669,2025-07-18 11:11:20.133669,22,-1.48077261043821,0.446690485300558,1.44276006670007,-0.2088800055789761,9.759999781847,2.1151303797984724,163.21351591303142,43.00906098787829
20250718111120133669,2025-07-18 11:11:20.133669,23,-1.537517546239674,0.4638081863795939,1.4214059816648537,-0.2088800055789761,11.9999997317791,2.144638245359861,163.21351591303142,41.51161844449918
20250718111120133669,2025-07-18 11:11:20.133669,24,-1.5939224412062032,0.4105972179552334,1.3483816023006296,-0.1391600037168245,13.119999706745148,2.127748051202522,165.55456742498927,39.32459536458951
20250718111120133669,2025-07-18 11:11:20.133669,25,-1.1241718907839506,0.5755621949872125,1.9373412291389616,-0.1391600037168245,14.6399996727705,2.312644658923831,152.8881113664327,56.8997964600089
20250718111120133669,2025-07-18 11:11:20.133669,26,-1.1820761771227295,0.6045602699561149,1.988908497039341,-0.1391600037168245,41.51999907195568,2.3913498736332555,152.91301046731877,56.27475139486573
20250718111120133669,2025-07-18 11:11:20.133669,27,-1.2366335311035788,0.6331411729752571,1.9310728744423056,-0.1391600037168245,81.75999817252159,2.378901570383495,152.8881113664327,54.26724562228426
20250718111120133669,2025-07-18 11:11:20.133669,28,-1.2928643512633928,0.6619306619692794,1.9279386970939776,-0.0697200018621515,93.6399979069829,2.413834719233118,152.8881113664327,53.00649154999412
20250718111120133669,2025-07-18 11:11:20.133669,29,-1.3510077942261285,0.6909585461558307,1.9873233999301072,-0.0697200018621515,66.11999852210283,2.500419978418684,152.91301046731877,52.635976580192846
20250718111120133669,2025-07-18 11:11:20.133669,30,-1.4017034172898315,0.5329676304000786,1.5000561683806817,-0.2088800055789761,20.63999953866005,2.1210835611529304,159.18176820331269,45.00854243630898
20250718111120133669,2025-07-18 11:11:20.133669,31,-1.4628380781548098,0.4893433271580341,1.4313312721694669,-0.2088800055789761,10.759999759495258,2.1042959262955425,161.50406660921382,42.8588719379141
20250718111120133669,2025-07-18 11:11:20.133669,32,-1.5199315479295588,0.4402212788281681,1.3597948828100823,-0.2088800055789761,13.999999687075617,2.0863913362648767,163.84727590674993,40.67328831985956
20250718111120133669,2025-07-18 11:11:20.133669,33,-1.5762500426024029,0.456532934297343,1.3360731642030164,-0.1391600037168245,14.359999679028988,2.1161469743393724,163.84727590674993,39.15132172302751
20250718111120133669,2025-07-18 11:11:20.133669,34,-1.1125044736006162,0.5971675493416527,1.931552091887501,-0.1391600037168245,15.639999650418758,2.307632719789499,151.77409020374498,56.8275514336765
20250718111120133669,2025-07-18 11:11:20.133669,35,-1.1681516922287216,0.6270377332055194,1.928128343221534,-0.1391600037168245,45.759998977184296,2.3399644447842705,151.77409020374498,55.48713528640002
20250718111120133669,2025-07-18 11:11:20.133669,36,-1.2237989108568268,0.6569079170693863,1.9247045945555663,-0.1391600037168245,89.63999799638987,2.3735415652619407,151.77409020374498,54.18394652014661
20250718111120133669,2025-07-18 11:11:20.133669,37,-1.279446129484932,0.686778100933253,1.9212808458896,-0.0697200018621515,102.11999771744011,2.408311991200001,151.77409020374498,52.91774817280408
20250718111120133669,2025-07-18 11:11:20.133669,38,-1.335093348113037,0.7166482847971198,1.917857097223632,-0.0697200018621515,74.87999832630157,2.444224796873109,151.77409020374498,51.688172045173744
20250718111120133669,2025-07-18 11:11:20.133669,39,-1.388539901492777,0.5599202090553259,1.4928342466960716,-0.2088800055789761,22.75999949127436,2.1142629417020857,158.03854556646044,44.91668837768759
20250718111120133669,2025-07-18 11:11:20.133669,40,-1.4435870903985242,0.5314573518031027,1.4200468532757964,-0.2088800055789761,11.9999997317791,2.093543328868389,159.7887891775904,42.710807861944566
20250718111120133669,2025-07-18 11:11:20.133669,41,-1.5015227380807368,0.4840020723754253,1.3480638545351011,-0.2088800055789761,16.239999637007713,2.0751155859231587,162.13375008965954,40.51394793167257
20250718111120133669,2025-07-18 11:11:20.133669,42,-1.557159125417355,0.5019359511555926,1.3239074625019116,-0.1391600037168245,15.519999653100967,2.1046175923908983,162.13375008965954,38.97998974979849
20250718111120133669,2025-07-18 11:11:20.133669,43,-1.1003920694809288,0.6185432006089955,1.925824503392728,-0.1391600037168245,16.359999634325504,2.302663330898372,150.659152007077,56.75631029803157
20250718111120133669,2025-07-18 11:11:20.133669,44,-1.155433428432822,0.6494825896469701,1.9221142620638143,-0.1391600037168245,49.359998896718025,2.334818467937857,150.659152007077,55.41038465736722
20250718111120133669,2025-07-18 11:11:20.133669,45,-1.206042825026175,0.6790360039066053,1.8612484471969115,-0.1391600037168245,95.23999787122013,2.319455749220382,150.61926628314615,53.36475005434405
20250718111120133669,2025-07-18 11:11:20.133669,46,-1.265516146336608,0.7113613677229195,1.9146937794059893,-0.0697200018621515,107.359997600317,2.402835487715144,150.659152007077,52.83011952368574
20250718111120133669,2025-07-18 11:11:20.133669,47,-1.320557505288501,0.7423007567608941,1.9109835380770768,-0.0697200018621515,83.75999812781811,2.438593984463828,150.659152007077,51.59521102798923
20250718111120133669,2025-07-18 11:11:20.133669,48,-1.3748209882735711,0.5866131147359521,1.4856819041753075,-0.2088800055789761,25.359999433159828,2.107486279094529,156.89286836093063,44.8258670664776
20250718111120133669,2025-07-18 11:11:20.133669,49,-1.4300302414713622,0.5592152884106159,1.4126091365782587,-0.2088800055789761,13.23999970406294,2.0864258441313424,158.6419485675324,42.61334298755414
20250718111120133669,2025-07-18 11:11:20.133669,50,-1.4817626591777882,0.5272297997233669,1.3364810199015875,-0.2088800055789761,18.519999586045746,2.063921838734975,160.41380140983213,40.35671467561575
20250718111120133669,2025-07-18 11:11:20.133669,51,-1.5366668701871584,0.5467654088812479,1.3118954455071972,-0.1391600037168245,16.239999637007713,2.093171551073252,160.41380140983213,38.81075456194802
20250718111120133669,2025-07-18 11:11:20.133669,52,-1.0878395232248226,0.639680598814121,1.9201607546135688,-0.1391600037168245,16.8799996227026,2.297738762424343,149.5432601698094,56.68609466654716
20250718111120133669,2025-07-18 11:11:20.133669,53,-1.142253006691782,0.6716772756626723,1.9161672138696448,-0.1391600037168245,52.23999883234501,2.329718670880028,149.54326016980943,55.33470086931384
20250718111120133669,2025-07-18 11:11:20.133669,54,-1.19196634806503,0.7021997654390386,1.8550417360006288,-0.1391600037168245,97.23999782651664,2.31409769193229,149.4972191177993,53.285691251804565
20250718111120133669,2025-07-18 11:11:20.133669,55,-1.2461661119148597,0.7341294096978589,1.8484503555563725,-0.0697200018621515,107.99999758601189,2.347050209438393,149.4972191177993,51.95836761730994
20250718111120133669,2025-07-18 11:11:20.133669,56,-1.3003658757646894,0.7660590539566794,1.8418589751121164,-0.0697200018621515,91.75999794900416,2.381227072163284,149.4972191177993,50.66846909398531
20250718111120133669,2025-07-18 11:11:20.133669,57,-1.3605521650143402,0.6130356706360628,1.4786020016599069,-0.2088800055789761,28.519999362528324,2.1007567223527097,155.74469264059613,44.73611239007975
20250718111120133669,2025-07-18 11:11:20.133669,58,-1.408624238368126,0.6003473175494561,1.4015878425874533,-0.2088800055789761,14.359999679028988,2.075834200290563,156.9165839443372,42.46910667948307
20250718111120133669,2025-07-18 11:11:20.133669,59,-1.467847300243096,0.5557217931987883,1.3288466132590957,-0.1391600037168245,20.239999547600743,2.0565105712923506,159.2635116041741,40.25313275999199
20250718111120133669,2025-07-18 11:11:20.133669,60,-1.5222359011454838,0.5763131250205946,1.3039781588294752,-0.1391600037168245,16.519999630749226,2.0855929601702043,159.2635116041741,38.699171942332086
20250718111120133669,2025-07-18 11:11:20.133669,61,-1.5766245020478715,0.5969044568424009,1.2791097043998545,-0.2783200074336491,5.359999880194664,2.116166672770816,159.2635116041741,37.18902857523614
20250718111120133669,2025-07-18 11:11:20.133669,62,-1.0748518556832112,0.6605712892799531,1.9145631109739203,-0.1391600037168245,17.11999961733818,2.2928612792292427,148.4263798374775,56.6169255361302
20250718111120133669,2025-07-18 11:11:20.133669,63,-1.1238750856653634,0.6921166299011984,1.8557793620756584,-0.1391600037168245,53.63999880105257,2.2772873508345537,148.37396868716672,54.57825233156043
20250718111120133669,2025-07-18 11:11:20.133669,64,-1.1774131004786446,0.7250869758558214,1.8489091264524504,-0.1391600037168245,95.63999786227942,2.3087913915322966,148.37396868716672,53.2077655656505
20250718111120133669,2025-07-18 11:11:20.133669,65,-1.230951115291926,0.7580573218104445,1.8420388908292424,-0.0697200018621515,104.11999767273664,2.341580412182397,148.37396868716672,51.87491530853786
20250718111120133669,2025-07-18 11:11:20.133669,66,-1.28997369538682,0.6973352578476145,1.6094902406756857,-0.2783200074336491,97.75999781489372,2.1773303450458785,151.60518705144185,47.66361125537678
20250718111120133669,2025-07-18 11:11:20.133669,67,-1.338130393188467,0.6521395102927846,1.4681241594029322,-0.2088800055789761,31.87999928742647,2.090757622844456,154.01765334697848,44.60355297305703
20250718111120133669,2025-07-18 11:11:20.133669,68,-1.3936480740893409,0.6274160912318478,1.3943347865391555,-0.2088800055789761,15.359999656677246,2.068834310161829,155.7628719753105,42.37431049563661
20250718111120133669,2025-07-18 11:11:20.133669,69,-1.4458752167494269,0.5979415562318039,1.3175338618497658,-0.1391600037168245,20.87999953329563,2.045479094051042,157.5324638598867,40.09972327494837
20250718111120133669,2025-07-18 11:11:20.133669,70,-1.499449679232966,0.6200972700171944,1.2922462325363488,-0.1391600037168245,16.359999634325504,2.0743120040965413,157.5324638598867,38.53377214668348
20250718111120133669,2025-07-18 11:11:20.133669,71,-1.553024141716505,0.6422529838025851,1.2669586032229323,-0.2783200074336491,5.519999876618385,2.104651273308292,157.5324638598867,37.011858173826695
20250718111120133669,2025-07-18 11:11:20.133669,72,-1.062125397984061,0.6783697262745934,1.89673066609874,-0.1391600037168245,17.11999961733818,2.277253404056746,147.43400316613435,56.39808757326807
20250718111120133669,2025-07-18 11:11:20.133669,73,-1.11676040642827,0.7029381582844356,1.8528797422845,-0.1391600037168245,53.35999880731106,2.274739369489706,147.81188232922338,54.54249123428442
20250718111120133669,2025-07-18 11:11:20.133669,74,-1.1704276548455887,0.7223153536394056,1.7920557322904238,-0.1391600037168245,90.3599979802966,2.259005115745764,148.31968883067353,52.49443732463288
20250718111120133669,2025-07-18 11:11:20.133669,75,-1.2231585923918746,0.7699098600528265,1.838863012778937,-0.0697200018621515,96.51999784260988,2.3388662455375817,147.8118823292234,51.8336384252616
20250718111120133669,2025-07-18 11:11:20.133669,76,-1.2721826672979195,0.6844363944775276,1.5353446958268804,-0.2783200074336491,100.87999774515627,2.1081236330116844,151.71967447994209,46.74399649132874
20250718111120133669,2025-07-18 11:11:20.133669,77,-1.322512239952228,0.677840200752467,1.461237680149338,-0.2088800055789761,35.51999920606613,2.084159667700108,152.86305296152955,44.5166091888041
20250718111120133669,2025-07-18 11:11:20.133669,78,-1.378114469187565,0.6541901533569866,1.3871606982146238,-0.2088800055789761,16.119999639689922,2.0618872543387634,154.6063346261862,42.28064589499136
20250718111120133669,2025-07-18 11:11:20.133669,79,-1.4305030087589206,0.6257261619123863,1.3100889991956364,-0.1391600037168245,20.239999547600743,2.038186761212857,156.37461973955135,39.99881848778376
20250718111120133669,2025-07-18 11:11:20.133669,80,-1.4835078800559338,0.6489113873025202,1.2845255130791302,-0.1391600037168245,15.639999650418758,2.066854472987911,156.37461973955135,38.42488693717676
20250718111120133669,2025-07-18 11:11:20.133669,81,-1.536512751352947,0.6720966126926541,1.258962026962624,-0.2783200074336491,5.519999876618385,2.0970385492873,156.37461973955132,36.89513722598975
20250718111120133669,2025-07-18 11:11:20.133669,82,-1.5940955257519422,0.4297190496745579,1.066264546360236,-0.0697200018621515,4.999999888241291,1.9653801387264416,164.91343346165735,32.85557753380281
20250718111120133669,2025-07-18 11:11:20.133669,83,-1.639538158704795,0.5542393023829834,1.0800359861509037,-0.0697200018621515,5.359999880194664,2.0400353696777023,161.32238183702037,31.966290190199327
20250718111120133669,2025-07-18 11:11:20.133669,84,-1.0496914211198611,0.6898654413242257,1.8544184242873607,-0.1391600037168245,16.8799996227026,2.239784386730678,146.68676855323858,55.88822130137388
20250718111120133669,2025-07-18 11:11:20.133669,85,-1.102196745268403,0.7243723524857577,1.847136467257844,-0.1391600037168245,51.63999884575605,2.269684140800168,146.68676855323858,54.4718136097507
20250718111120133669,2025-07-18 11:11:20.133669,86,-1.155164119642164,0.7447795935140934,1.786036457357422,-0.1391600037168245,82.99999814480543,2.2536696770453126,147.18853766279727,52.419892991589165
20250718111120133669,2025-07-18 11:11:20.133669,87,-1.2076904536230173,0.7786453802069521,1.7763073458749326,-0.1391600037168245,86.87999805808067,2.284747830045812,147.18853766279727,51.028891100274
20250718111120133669,2025-07-18 11:11:20.133669,88,-1.256301752780458,0.7088604921008359,1.528800278592856,-0.2783200074336491,100.3599977567792,2.101905702719864,150.5664045870496,46.66386527221139
20250718111120133669,2025-07-18 11:11:20.133669,89,-1.3063650994769167,0.7032340518152036,1.4544334182643617,-0.2783200074336491,38.99999912828207,2.077619905788332,151.70581730260196,44.43084584621889
20250718111120133669,2025-07-18 11:11:20.133669,90,-1.36202963689737,0.680658794657484,1.3800684471534064,-0.2088800055789761,16.239999637007713,2.054996361398184,153.44693140705058,42.18814866904093
20250718111120133669,2025-07-18 11:11:20.133669,91,-1.4145586186636074,0.653208262407331,1.302725192561705,-0.1391600037168245,18.519999586045746,2.030948066063637,155.21367252687733,39.89905506915184
20250718111120133669,2025-07-18 11:11:20.133669,92,-1.466972697533246,0.6774117905838183,1.276888853035945,-0.1391600037168245,14.6399996727705,2.059451570767663,155.21367252687733,38.31715849585351
20250718111120133669,2025-07-18 11:11:20.133669,93,-1.5193867764028846,0.7016153187603055,1.251052513510185,-0.2783200074336491,5.519999876618385,2.0894814245135627,155.21367252687733,36.7795869270206
20250718111120133669,2025-07-18 11:11:20.133669,94,-1.573678834858779,0.4756200172742775,1.053965419160084,-0.0697200018621515,5.239999882876873,1.9528242575561576,163.1833723920093,32.664130857488
20250718111120133669,2025-07-18 11:11:20.133669,95,-1.6261555378005568,0.491480286731295,1.0224184639798417,-0.0697200018621515,5.759999871253967,1.9827441138109048,163.1833723920093,31.041466996707307
20250718111120133669,2025-07-18 11:11:20.133669,96,-1.0354016662392744,0.7100065648822526,1.849021626495332,-0.1391600037168245,16.239999637007713,2.2349601580060448,145.5603764481921,55.824157342456445
20250718111120133669,2025-07-18 11:11:20.133669,97,-1.087627256507549,0.7320708472941965,1.790096556930949,-0.1391600037168245,48.51999891549349,2.218852509224581,146.0559039628444,53.781232022417086
20250718111120133669,2025-07-18 11:11:20.133669,98,-1.13943853421352,0.7669444914978175,1.780097390842365,-0.1391600037168245,74.35999833792448,2.248392925441035,146.0559039628444,52.34652924488441
20250718111120133669,2025-07-18 11:11:20.133669,99,-1.1912498119194903,0.8018181357014385,1.770098224753781,-0.1391600037168245,76.63999828696251,2.2793060703675665,146.0559039628444,50.94988643224269
20250718111120133669,2025-07-18 11:11:20.133669,100,-1.2399183343348144,0.7329729298176072,1.5223393703791013,-0.2783200074336491,96.51999784260988,2.0957490189121564,149.41070758879724,46.58493039238473
20250718111120133669,2025-07-18 11:11:20.133669,101,-1.2896954304031414,0.7283109062796034,1.4477140953619128,-0.2783200074336491,41.999999061226845,2.071141516487496,150.54591261282684,44.3462940274506
20250718111120133669,2025-07-18 11:11:20.133669,102,-1.3454000109369224,0.7068114280302038,1.373060870161239,-0.2088800055789761,15.75999964773655,2.048164968304825,152.28462426902834,42.09685402370274
20250718111120133669,2025-07-18 11:11:20.133669,103,-1.3980484240066515,0.6803768652433544,1.2954453873723106,-0.1391600037168245,16.119999639689922,2.0237664950013508,154.04957926370835,39.80047258534554
20250718111120133669,2025-07-18 11:11:20.133669,104,-1.44985074551715,0.7055870800802859,1.2693393069688534,-0.1391600037168245,13.35999970138073,2.052106865655156,154.04957926370835,38.21063071415077
20250718111120133669,2025-07-18 11:11:20.133669,105,-1.5016530670276482,0.7307972949172176,1.2432332265653965,-0.2783200074336491,5.519999876618385,2.0819835435488128,154.04957926370835,36.66525541699877
20250718111120133669,2025-07-18 11:11:20.133669,106,-1.551845939297681,0.5209087894717449,1.0418303292235755,-0.0697200018621515,5.359999880194664,1.9403562098629528,161.44462073570685,32.4747145902953
20250718111120133669,2025-07-18 11:11:20.133669,107,-1.6035945912869145,0.5382792815946329,1.009878711099622,-0.0697200018621515,6.239999860525131,1.9700546209003733,161.44462073570685,30.838142698430666
20250718111120133669,2025-07-18 11:11:20.133669,108,-1.0206977645158768,0.7298676218938023,1.8436998723082587,-0.1391600037168245,15.519999653100967,2.230192792367089,144.4326794976801,55.76120234439741
20250718111120133669,2025-07-18 11:11:20.133669,109,-1.0721816909721351,0.7529336946829507,1.7845063738213187,-0.1391600037168245,44.63999900221825,2.213807969371711,144.92176183108975,53.71468800308271
20250718111120133669,2025-07-18 11:11:20.133669,110,-1.1232571885838751,0.788801181927309,1.7742409082925656,-0.1391600037168245,65.63999853283167,2.2431773931131924,144.92176183108975,52.27436882799057
20250718111120133669,2025-07-18 11:11:20.133669,111,-1.174332686195615,0.8246686691716671,1.7639754427638128,-0.1391600037168245,66.87999850511551,2.273927227167696,144.92176183108975,50.87213726005109
20250718111120133669,2025-07-18 11:11:20.133669,112,-1.2299038446556143,0.7110888555668577,1.4666186719195964,-0.2783200074336491,90.11999798566104,2.0418817684756494,149.96494952905772,45.9116814567174
20250718111120133669,2025-07-18 11:11:20.133669,113,-1.2811667231890362,0.7407273202222803,1.444387127273082,-0.2783200074336491,43.87999901920557,2.067926330642076,149.96494952905772,44.30448197157527
20250718111120133669,2025-07-18 11:11:20.133669,114,-1.3282322429345834,0.7326375927709614,1.3661407701753598,-0.2088800055789761,14.759999670088291,2.041396418495826,151.11937772308966,42.00679656172449
20250718111120133669,2025-07-18 11:11:20.133669,115,-1.3809790286454873,0.7072211033420513,1.288252495452336,-0.1391600037168245,13.519999697804453,2.016645546101285,152.88229952985023,39.70311008805302
20250718111120133669,2025-07-18 11:11:20.133669,116,-1.432148872559856,0.7334259860522941,1.261879894595488,-0.1391600037168245,11.9999997317791,2.04482393828309,152.88229952985023,38.10534707518312
20250718111120133669,2025-07-18 11:11:20.133669,117,-1.4818762309709703,0.7013087426132799,1.179066718323628,-0.2783200074336491,5.359999880194664,2.019403239237027,154.67380505254914,35.72312207813008
20250718111120133669,2025-07-18 11:11:20.133669,118,-1.536513546078074,0.5507410450979628,1.0338368004201317,-0.0697200018621515,5.519999876618385,1.9320994037419368,160.28051658596675,32.34965470828909
20250718111120133669,2025-07-18 11:11:20.133669,119,-1.587750916205628,0.5691063389439868,1.0016186259778346,-0.0697200018621515,6.6399998515844345,1.961651056850776,160.28051658596675,30.70378999633876
20250718111120133669,2025-07-18 11:11:20.133669,120,-1.0131923401075391,0.7396906384322943,1.841067802959532,-0.1391600037168245,14.51999967545271,2.227831145695564,143.8683339870522,55.73014606610714
20250718111120133669,2025-07-18 11:11:20.133669,121,-1.06429769346244,0.7632521835136606,1.7817415430720205,-0.1391600037168245,40.3599990978837,2.2113087532627604,144.35411760331877,53.68185298067694
20250718111120133669,2025-07-18 11:11:20.133669,122,-1.213160805593649,0.7346878340869197,1.4602953446829463,-0.2783200074336491,82.11999816447496,2.035678719122113,148.8009836249815,45.83617181379526
20250718111120133669,2025-07-18 11:11:20.133669,123,-1.2637258276389856,0.7653099134977913,1.437800241257046,-0.2783200074336491,44.519999004900455,2.061545964779504,148.8009836249815,44.22180426222755
20250718111120133669,2025-07-18 11:11:20.133669,124,-1.3142908496843222,0.7959319929086629,1.4153051378311456,-0.4872000130126253,13.35999970138073,2.0890085706072945,148.80098362498154,42.648660048633445
20250718111120133669,2025-07-18 11:11:20.133669,125,-1.3633572601103654,0.7337302393665802,1.281149393862517,-0.1391600037168245,11.239999748766422,2.0095887271406747,151.71179557469154,39.60700609383242
20250718111120133669,2025-07-18 11:11:20.133669,126,-1.4138741591742088,0.7609173733091322,1.254513599581207,-0.1391600037168245,10.759999759495258,2.0376063796814248,151.7117955746915,38.00135063196124
20250718111120133669,2025-07-18 11:11:20.133669,127,-1.512364593325202,0.594919209563333,1.0219992969285463,-0.0697200018621515,5.639999873936176,1.919806785062916,158.52680086408705,32.1640257030363
20250718111120133669,2025-07-18 11:11:20.133669,128,-1.5627966800671655,0.614757691179192,0.9893863830130228,-0.0697200018621515,6.999999843537808,1.949139783849408,158.52680086408705,30.50420209924093
20250718111120133669,2025-07-18 11:11:20.133669,129,-1.245779458629928,0.7895506806590696,1.4313049472722708,-0.4872000130126253,43.75999902188778,2.055234923058568,147.6342757237497,44.14041284990088
20250718111120133669,2025-07-18 11:11:20.133669,130,-1.2956263988534569,0.8211426974559611,1.4085499499070775,-0.4872000130126253,13.119999706745148,2.0825311657630627,147.6342757237497,42.56019381028177
20250718111120133669,2025-07-18 11:11:20.133669,131,-1.5453777443822492,0.644781350795283,0.9813415676650644,-0.0697200018621515,7.35999983549118,1.940867495629901,157.3525313862316,30.372522941806743
20250718111120133669,2025-07-18 11:11:20.133669,132,-1.2273347944698645,0.81343992572289,1.4249038433496306,-0.4872000130126253,41.879999063909054,2.048996381956053,146.46480148464576,44.0603364376988
20250718111120133669,2025-07-18 11:11:20.133669,133,-1.4834181742626935,0.5619350746810724,0.9601152004333666,-0.0697200018621515,5.639999873936176,1.8542172758317423,159.25276280911768,31.18484920876967
20250718111120133669,2025-07-18 11:11:20.133669,134,-1.5273406782319732,0.6744625203239212,0.9733885222594544,-0.0697200018621515,7.639999829232693,1.932654768439062,156.17409600899185,30.24201573018012
20250718111120133669,2025-07-18 11:11:20.133669,135,-1.4890365391747349,0.6536626568984011,0.9058813222910972,-0.0697200018621515,7.759999826550484,1.861484798244889,156.29931234549915,29.120271278712984
20250718111120188794,2025-07-18 11:11:20.188794,1,-1.28041333679987,0.4796895836804082,2.2555792911356,0.2783200074336491,24.879999443888664,2.6376501565496207,159.46221576819767,58.77600669384758
20250718111120188794,2025-07-18 11:11:20.188794,2,-1.3386348634372471,0.5015014932187158,2.26720070750104,0.2783200074336491,26.6399994045496,2.680232470030067,159.46221576819764,57.76817382410505
20250718111120188794,2025-07-18 11:11:20.188794,3,-1.3938172449393853,0.5979515214425557,1.9496617991086755,-0.2783200074336491,22.51999949663877,2.470112075430903,156.7805314724555,52.120231770650925
20250718111120188794,2025-07-18 11:11:20.188794,4,-1.570051578224276,0.4414053248361583,1.4960668122433742,0.0697200018621515,8.879999801516533,2.2131688877657543,164.29716824230098,42.53061207157035
20250718111120188794,2025-07-18 11:11:20.188794,5,-1.6282271859118478,0.4577608531290036,1.4773944196683262,-0.3480400092958007,12.11999972909689,2.2457433154452264,164.29716824230098,41.13719707197728
20250718111120188794,2025-07-18 11:11:20.188794,6,-1.2671702511261247,0.5439032735401185,2.1825649678802974,0.2783200074336491,28.23999936878681,2.5816934472018604,156.7696997734279,57.71487308695745
20250718111120188794,2025-07-18 11:11:20.188794,7,-1.320958263304704,0.5528877375227637,2.253431804837702,0.2783200074336491,30.23999932408333,2.6699382919367487,157.28822787004827,57.5651074256547
20250718111120188794,2025-07-18 11:11:20.188794,8,-1.3787824377090998,0.6081488117415431,1.821336962420423,-0.2783200074336491,25.51999942958355,2.3639277312211875,156.19884159655209,50.39617265991136
20250718111120188794,2025-07-18 11:11:20.188794,9,-1.437012044907982,0.584418141896758,1.696318228927396,-0.0697200018621515,14.999999664723871,2.2987047908724723,157.8689259016127,47.55667335821711
20250718111120188794,2025-07-18 11:11:20.188794,10,-1.4953406446844557,0.4686922648399528,1.5029887586985369,-0.0697200018621515,7.759999826550484,2.171333988943271,162.59717703566864,43.80419574480997
20250718111120188794,2025-07-18 11:11:20.188794,11,-1.5526438445719986,0.4866530998064473,1.48394270748078,0.0697200018621515,9.999999776482582,2.202185302540167,162.59717703566864,42.36491462938592
20250718111120188794,2025-07-18 11:11:20.188794,12,-1.610174438109889,0.5046852079275708,1.4648210766946987,-0.3480400092958007,13.23999970406294,2.2345177705653647,162.59717703566864,40.96078817662922
20250718111120188794,2025-07-18 11:11:20.188794,13,-1.252258651215349,0.5804097324136216,2.172783091706622,0.2783200074336491,32.239999279379845,2.57410441719646,155.13273483765389,57.57487039350379
20250718111120188794,2025-07-18 11:11:20.188794,14,-1.3091999594032504,0.6068014761772172,2.180639691670996,0.2783200074336491,34.51999922841787,2.6148426396407296,155.13273483765389,56.50633214120094
20250718111120188794,2025-07-18 11:11:20.188794,15,-1.3658341747772902,0.6346606555755832,1.814233135275232,-0.2783200074336491,29.11999934911728,2.357909881623085,155.07717255800802,50.302218662886894
20250718111120188794,2025-07-18 11:11:20.188794,16,-1.423863445780739,0.6120529976695868,1.688913491640116,-0.0697200018621515,16.99999962002039,2.292253207311735,156.7393689705886,47.45884311224563
20250718111120188794,2025-07-18 11:11:20.188794,17,-1.4772296701312206,0.51176473092366,1.4914475261953906,-0.0697200018621515,8.51999980956316,2.1606772923154702,160.89210079058026,43.65136865723432
20250718111120188794,2025-07-18 11:11:20.188794,18,-1.5338388363223805,0.5313761530940923,1.4719592014693017,0.0697200018621515,11.239999748766422,2.191274990200457,160.89210079058026,42.20122384456595
20250718111120188794,2025-07-18 11:11:20.188794,19,-1.5906726420619182,0.5510653983683755,1.4523935421212837,-0.3480400092958007,14.51999967545271,2.2233667103468893,160.89210079058026,40.78638188031759
20250718111120188794,2025-07-18 11:11:20.188794,20,-1.1816886258508703,0.6038459076556913,2.0436158378410907,-0.0697200018621515,19.759999558329586,2.436674697478674,152.93285147745812,57.00209333911903
20250718111120188794,2025-07-18 11:11:20.188794,21,-1.235398055931134,0.6309375739507073,2.102910665057646,-0.0697200018621515,36.75999917834997,2.519230804042063,152.94587112255903,56.589103018510926
20250718111120188794,2025-07-18 11:11:20.188794,22,-1.2924321243164103,0.6444990569980257,2.1705386553334534,0.2783200074336491,39.23999912291765,2.607105269208194,153.49587545315202,56.36131149249479
20250718111120188794,2025-07-18 11:11:20.188794,23,-1.3507170594204716,0.6444171917025631,1.7488100774641702,-0.2783200074336491,33.359999254345894,2.301748634975492,154.4945332522252,49.44432843358068
20250718111120188794,2025-07-18 11:11:20.188794,24,-1.4030743910186807,0.6530152529573452,1.6779376884156036,-0.0697200018621515,19.519999563694,2.2826566876192502,155.04191136770322,47.314065674192605
20250718111120188794,2025-07-18 11:11:20.188794,25,-1.464416072196569,0.5401797934066536,1.4838337331501923,-0.3480400092958007,9.63999978452921,2.15361816238323,159.7524733326505,43.55066523813895
20250718111120188794,2025-07-18 11:11:20.188794,26,-1.5205342063500873,0.5608801139569084,1.4640536389825904,0.0697200018621515,12.519999720156193,2.1840475802351857,159.7524733326505,42.09328274317053
20250718111120188794,2025-07-18 11:11:20.188794,27,-1.5768750315121514,0.5816625786363312,1.444195052377815,-0.3480400092958007,15.519999653100967,2.215979595958608,159.7524733326505,40.67130031553651
20250718111120188794,2025-07-18 11:11:20.188794,28,-1.1640000276251457,0.6378348748690869,2.0345085215246934,-0.0697200018621515,21.99999950826168,2.429187995208933,151.27866468364542,56.879804064097
20250718111120188794,2025-07-18 11:11:20.188794,29,-1.2234956887354715,0.6546894548751772,2.096546367745214,-0.0697200018621515,41.75999906659126,2.51417315529076,151.84887682862944,56.50053756321491
20250718111120188794,2025-07-18 11:11:20.188794,30,-1.2806064253168623,0.6693535288016645,2.163878919685366,0.2783200074336491,44.75999899953604,2.601991341672908,152.4046148861212,56.26594398782536
20250718111120188794,2025-07-18 11:11:20.188794,31,-1.336698403058307,0.6703764964500033,1.7418543027210205,-0.2783200074336491,38.239999145269394,2.295696774323417,153.3654731884499,49.353908714253336
20250718111120188794,2025-07-18 11:11:20.188794,32,-1.389709238421014,0.647167412158028,1.6144440725933027,-0.0697200018621515,22.51999949663877,2.226330409046169,155.02928822731462,46.48209652793798
20250718111120188794,2025-07-18 11:11:20.188794,33,-1.444099065667642,0.5823241016523522,1.4725411997901894,-0.3480400092958007,10.759999759495258,2.1431054700846865,158.03854556646044,43.4014790992838
20250718111120188794,2025-07-18 11:11:20.188794,34,-1.498907033643723,0.5518234182043165,1.3978223713757814,-0.3480400092958007,13.879999689757824,2.122531215860896,159.7887891775904,41.19043710173506
20250718111120188794,2025-07-18 11:11:20.188794,35,-1.554997792577946,0.6270433339112388,1.4320353156499894,-0.3480400092958007,16.359999634325504,2.2049776921305964,158.03854556646044,40.50057603926092
20250718111120188794,2025-07-18 11:11:20.188794,36,-1.6105569567528113,0.6494472265082651,1.411742268744107,-0.3480400092958007,6.519999854266644,2.23801064437212,158.03854556646044,39.10933983554834
20250718111120188794,2025-07-18 11:11:20.188794,37,-1.1512695610230443,0.6609179831290625,1.9738074933073848,-0.0697200018621515,24.35999945551157,2.378686655109908,150.1408350122968,56.07704653125988
20250718111120188794,2025-07-18 11:11:20.188794,38,-1.206484571178238,0.6916529060172562,2.029873414779438,-0.0697200018621515,47.11999894678593,2.460563927826625,150.17523553815653,55.58470794354833
20250718111120188794,2025-07-18 11:11:20.188794,39,-1.266173906658669,0.7090453215970316,2.094348468018308,0.2783200074336491,50.75999886542559,2.547986878983592,150.7515893212805,55.281685543471966
20250718111120188794,2025-07-18 11:11:20.188794,40,-1.322145085181227,0.6960598079255182,1.7349724801521988,-0.2783200074336491,43.99999901652336,2.289693514286061,152.23487727277575,49.26460187706271
20250718111120188794,2025-07-18 11:11:20.188794,41,-1.374934174008911,0.6738727064689698,1.6072884105490504,-0.0697200018621515,25.99999941885472,2.21989288977344,153.88993898990134,46.38893946144694
20250718111120188794,2025-07-18 11:11:20.188794,42,-1.4298312223449317,0.6100850612847732,1.465102673075569,-0.3480400092958007,12.23999972641468,2.1361523702789613,156.89286836093063,43.3033233988381
20250718111120188794,2025-07-18 11:11:20.188794,43,-1.4848306704328558,0.5806450713606577,1.3900996326880095,-0.3480400092958007,14.879999667406082,2.115241784655562,158.6419485675324,41.08533753276382
20250718111120188794,2025-07-18 11:11:20.188794,44,-1.5438678300551532,0.6084726471078536,1.3835435771800504,-0.3480400092958007,16.8799996227026,2.1605461506095667,158.4894973342298,39.81922989340703
20250718111120188794,2025-07-18 11:11:20.188794,45,-1.5946444928037908,0.6804081264389488,1.4034463206107397,-0.3480400092958007,6.7599998489022255,2.230584643493594,156.89286836093063,38.98988409984865
20250718111120188794,2025-07-18 11:11:20.188794,46,-1.0839192458411506,0.6504950712606407,1.969411887050002,-0.0697200018621515,10.239999771118164,2.3402153640409007,149.03066538178442,57.30432486624959
20250718111120188794,2025-07-18 11:11:20.188794,47,-1.1381366379324538,0.6830326855407794,1.9678818766553103,-0.0697200018621515,26.6399994045496,2.373699167247119,149.03066538178442,55.99983083814779
20250718111120188794,2025-07-18 11:11:20.188794,48,-1.19303709114565,0.7148312775604846,2.023662788842562,-0.0697200018621515,52.3599988296628,2.455510606609974,149.07125027761722,55.50050224146658
20250718111120188794,2025-07-18 11:11:20.188794,49,-1.2457931633319794,0.7454436587150118,2.084595562981709,0.2783200074336491,56.99999872595072,2.5403199631790776,149.1050175941456,55.14525646682918
20250718111120188794,2025-07-18 11:11:20.188794,50,-1.3034018073100917,0.7037102519554933,1.6702393614325932,-0.2783200074336491,50.23999887704849,2.2324345263602323,151.63526683897865,48.43205976109349
20250718111120188794,2025-07-18 11:11:20.188794,51,-1.359609154284,0.7002872466081262,1.600210655850324,-0.0697200018621515,30.119999326765537,2.213507041613324,152.7485838753443,46.29691991218179
20250718111120188794,2025-07-18 11:11:20.188794,52,-1.4149914656230114,0.6375648537249328,1.4577394848830534,-0.3480400092958007,13.879999689757824,2.12924733093137,155.7446926405961,43.20625301130773
20250718111120188794,2025-07-18 11:11:20.188794,53,-1.462604364290992,0.6233533278935047,1.378655989839892,-0.3480400092958007,15.639999650418758,2.1043937930340832,156.9165839443372,40.92966957674524
20250718111120188794,2025-07-18 11:11:20.188794,54,-1.520757801607682,0.6528789923240281,1.3716449328405589,-0.3480400092958007,17.11999961733818,2.1495034523247103,156.76559018273716,39.65190626167601
20250718111120188794,2025-07-18 11:11:20.188794,55,-1.5695819122540526,0.7262576842555403,1.3911609686204598,-0.3480400092958007,6.999999843537808,2.219541944597652,155.16965466878807,38.81283731335434
20250718111120188794,2025-07-18 11:11:20.188794,56,-1.070978382316348,0.6713104773673242,1.9638344157935903,-0.0697200018621515,10.639999762177467,2.3354438689609816,147.9196988491362,57.2334514248106
20250718111120188794,2025-07-18 11:11:20.188794,57,-1.1245484753819934,0.7048892734871212,1.9620254215657884,-0.0697200018621515,28.759999357163903,2.368759573327689,147.9196988491362,55.92371807343913
20250718111120188794,2025-07-18 11:11:20.188794,58,-1.1781185684476392,0.7384680696069181,1.9602164273379867,-0.0697200018621515,57.11999872326851,2.403278363643252,147.9196988491362,54.650959185930056
20250718111120188794,2025-07-18 11:11:20.188794,59,-1.232727696224985,0.7712911742138421,2.01831979636868,-0.2783200074336491,63.11999858915806,2.4875937065513805,147.96667151791897,54.22845987704012
20250718111120188794,2025-07-18 11:11:20.188794,60,-1.2878405512745537,0.728740564908642,1.663532509290499,-0.2783200074336491,56.87999872863293,2.22641786417484,150.4961096603587,48.346595138451406
20250718111120188794,2025-07-18 11:11:20.188794,61,-1.3437403090495654,0.726400467112103,1.5932136395045076,-0.0697200018621515,34.51999922841787,2.2071758783315167,151.60518705144185,46.20607143196023
20250718111120188794,2025-07-18 11:11:20.188794,62,-1.3916725392388676,0.6782333417183856,1.446842396367813,-0.3480400092958007,15.359999656677246,2.1189869849098653,154.01765334697848,43.06276334762632
20250718111120188794,2025-07-18 11:11:20.188794,63,-1.4470542959066328,0.6514594085965719,1.3711249882131011,-0.3480400092958007,15.87999964505434,2.09722417248448,155.76287197531047,40.82727156189806
20250718111120188794,2025-07-18 11:11:20.188794,64,-1.504589459444618,0.6821025763262024,1.3638144971072332,-0.3480400092958007,16.8799996227026,2.1422052536165963,155.61293327268763,39.5417593616198
20250718111120188794,2025-07-18 11:11:20.188794,65,-1.5520873483542963,0.7564116983215693,1.3830812249029107,-0.3480400092958007,7.239999838173389,2.21224941382253,154.01765334697848,38.69630068857639
20250718111120188794,2025-07-18 11:11:20.188794,66,1.6364884240116642,0.3543601005997976,0.8642731364697684,-0.0697200018621515,5.879999868571758,1.8843124733558845,12.218019797307669,27.301165474065733
20250718111120188794,2025-07-18 11:11:20.188794,67,-1.0576091417372888,0.6918717389176843,1.9583250423658063,-0.0697200018621515,10.87999975681305,2.3307210410849906,146.8079015594486,57.16365800496638
20250718111120188794,2025-07-18 11:11:20.188794,68,-1.1145269600934598,0.7152807297202369,1.904483703567713,-0.0697200018621515,30.23999932408333,2.319667011499555,147.30847796047723,55.1866277575096
20250718111120188794,2025-07-18 11:11:20.188794,69,-1.1676196584372076,0.7493545434312555,1.899933595678922,-0.0697200018621515,60.63999864459038,2.352576367840059,147.30847796047723,53.86181099033399
20250718111120188794,2025-07-18 11:11:20.188794,70,-1.2191575907202632,0.655908814938349,1.5547117126235523,-0.2088800055789761,68.23999847471714,2.0817516936209093,151.71967447994209,48.31640356975043
20250718111120188794,2025-07-18 11:11:20.188794,71,-1.2717641762125107,0.753465271632082,1.6569075440908567,-0.2783200074336491,63.11999858915806,2.220458656475794,149.35509271542284,48.26232381420726
20250718111120188794,2025-07-18 11:11:20.188794,72,-1.3273339856318362,0.7522019230413374,1.586300160224722,-0.0697200018621515,38.6399991363287,2.200902415094627,150.45971482637418,46.116426994532695
20250718111120188794,2025-07-18 11:11:20.188794,73,-1.3754294622688363,0.7049623849672976,1.4396803708148105,-0.3480400092958007,16.639999628067017,2.1122163099468274,152.86305296152955,42.96856727009967
20250718111120188794,2025-07-18 11:11:20.188794,74,-1.430925425123585,0.6792594840513235,1.363675980445476,-0.3480400092958007,15.519999653100967,2.0901084179015004,154.6063346261862,40.726025201960624
20250718111120188794,2025-07-18 11:11:20.188794,75,-1.4878193015856045,0.7110079882511765,1.3560693153250476,-0.3480400092958007,16.359999634325504,2.134961971908119,154.45751835853304,39.43278597530505
20250718111120188794,2025-07-18 11:11:20.188794,76,-1.5339719702371724,0.7862217353026402,1.3750936495674908,-0.3480400092958007,7.35999983549118,2.205016364478152,152.86305296152955,38.58101533823982
20250718111120188794,2025-07-18 11:11:20.188794,77,1.6662416515568672,0.2745886757125141,0.8856478253473958,-0.0697200018621515,6.239999860525131,1.906864508232056,9.357963198242231,27.67478902574049
20250718111120188794,2025-07-18 11:11:20.188794,78,-1.0518735139554634,0.6995021532459926,1.943261563854097,-0.0697200018621515,11.119999751448631,2.317758973083583,146.37585718045662,56.97392571881801
20250718111120188794,2025-07-18 11:11:20.188794,79,-1.0999924252846454,0.7366720569626276,1.8987519147080845,-0.0697200018621515,30.999999307096004,2.314719829439572,146.18952334500003,55.11428388841978
20250718111120188794,2025-07-18 11:11:20.188794,80,-1.1547020694169448,0.7588792636472897,1.8398545102283264,-0.0697200018621515,62.1199986115098,2.300934424254012,146.68676855323858,53.09305598466761
20250718111120188794,2025-07-18 11:11:20.188794,81,-1.205531847772639,0.7154471118324686,1.6131257858479304,-0.2088800055789761,71.8799983933568,2.137135093247742,149.3121357343347,49.008560111286975
20250718111120188794,2025-07-18 11:11:20.188794,82,-1.255179112459352,0.7778744825732244,1.650367115731297,-0.2783200074336491,68.35999847203493,2.21455976024131,148.21218605725153,48.17927492429105
20250718111120188794,2025-07-18 11:11:20.188794,83,-1.308618078121196,0.7724996778958635,1.5646452330160534,-0.0697200018621515,41.35999907553196,2.181135422649104,149.44591831952877,45.83641444675142
20250718111120188794,2025-07-18 11:11:20.188794,84,-1.3586362318773058,0.731372311361186,1.4326038523654026,-0.3480400092958007,16.99999962002039,2.1055050857710507,151.70581730260196,42.875583889007125
20250718111120188794,2025-07-18 11:11:20.188794,85,-1.414224203274824,0.706742434598738,1.356311946040672,-0.3480400092958007,14.6399996727705,2.083049942023353,153.44693140705058,40.62597038257835
20250718111120188794,2025-07-18 11:11:20.188794,86,-1.4666258909474266,0.7329295810476953,1.3324611730981253,-0.3480400092958007,15.519999653100967,2.1127304732469105,153.44693140705058,39.100460442916905
20250718111120188794,2025-07-18 11:11:20.188794,87,-1.5152430238120682,0.8156758715819553,1.367201437537692,-0.3480400092958007,7.519999831914902,2.197846291144413,151.70581730260196,38.46702857343023
20250718111120188794,2025-07-18 11:11:20.188794,88,-1.6769806331043242,0.2422945524786232,0.894301009588188,-0.0697200018621515,6.6399998515844345,1.9159188369339264,171.77864827111165,27.82508979672558
20250718111120188794,2025-07-18 11:11:20.188794,89,-1.0333309319589337,0.7216800676808771,1.8981890631509404,-0.0697200018621515,10.99999975413084,2.278533882674743,145.06948670208462,56.41589785063894
20250718111120188794,2025-07-18 11:11:20.188794,90,-1.0850179081917548,0.7577783391564133,1.893096503439036,-0.0697200018621515,30.879999309778214,2.3098281848926705,145.06948670208462,55.04309776581029
20250718111120188794,2025-07-18 11:11:20.188794,91,-1.1389827740125194,0.7810352959677447,1.8339178192605827,-0.0697200018621515,61.519998624920845,2.2957683813586613,145.56037644819213,53.01807079121421
20250718111120188794,2025-07-18 11:11:20.188794,92,-1.189467819568611,0.7385818028032439,1.6069268640851675,-0.2088800055789761,73.35999836027622,2.131326047262593,148.16242061989763,48.934263637400605
20250718111120188794,2025-07-18 11:11:20.188794,93,-1.2466978875113848,0.7899577210393142,1.647129421742355,-0.2783200074336491,71.63999839872122,2.2116338204423176,147.64001533982645,48.13821782571845
20250718111120188794,2025-07-18 11:11:20.188794,94,-1.2911803988478694,0.7976126393593365,1.557916235272362,-0.0697200018621515,41.999999061226845,2.174956491739529,148.29475247372224,45.74964789664432
20250718111120188794,2025-07-18 11:11:20.188794,95,-1.341299565132225,0.7574525572820926,1.4256156715324906,-0.3480400092958007,16.359999634325504,2.098856579872982,150.54591261282684,42.7838483324614
20250718111120188794,2025-07-18 11:11:20.188794,96,-1.3969573106261108,0.7338972674255219,1.3490358305141332,-0.3480400092958007,13.23999970406294,2.0760521666994163,152.28462426902834,40.527146493059576
20250718111120188794,2025-07-18 11:11:20.188794,97,-1.4487192027743836,0.7610905903105039,1.3249154534081105,-0.3480400092958007,14.51999967545271,2.105575259596782,152.28462426902834,38.99418808175509
20250718111120188794,2025-07-18 11:11:20.188794,98,-1.4959080004075025,0.8447623258982464,1.3594077455929572,-0.3480400092958007,7.639999829232693,2.1907426940921915,150.54591261282684,38.354387358280114
20250718111120188794,2025-07-18 11:11:20.188794,99,-1.6548361955948394,0.3066688929799492,0.8770519570375717,-0.0697200018621515,6.8799998462200165,1.897827384014622,169.5012340698702,27.52494412744968
20250718111120188794,2025-07-18 11:11:20.188794,100,-1.0260449863281538,0.731626172270462,1.8955240124583257,-0.0697200018621515,10.87999975681305,2.2761934126357497,144.50905400001665,56.38336341958776
20250718111120188794,2025-07-18 11:11:20.188794,101,-1.0717528326104826,0.7663754329533381,1.835881775766936,-0.0697200018621515,29.879999332129955,2.2597449707956354,144.4326794976801,54.33390989397235
20250718111120188794,2025-07-18 11:11:20.188794,102,-1.1232571885838751,0.788801181927309,1.7742409082925656,-0.0697200018621515,58.75999868661165,2.2431773931131924,144.92176183108975,52.27436882799057
20250718111120188794,2025-07-18 11:11:20.188794,103,-1.1729280201173828,0.7614015544913318,1.6008123300488657,-0.2088800055789761,72.23999838531017,2.1255805286073683,147.01054272090323,48.86116970746775
20250718111120188794,2025-07-18 11:11:20.188794,104,-1.2281914197812216,0.8091567953921374,1.626345633504204,-0.2783200074336491,72.11999838799238,2.1927583092469805,146.62231794904068,47.87552757002358
20250718111120188794,2025-07-18 11:11:20.188794,105,-1.282267444585821,0.8100415413287847,1.554585921026843,-0.0697200018621515,40.3599990978837,2.171891913511776,147.71833765451444,45.70674876898031
20250718111120188794,2025-07-18 11:11:20.188794,106,-1.3324296017224582,0.7703657848777027,1.4221555826265675,-0.3480400092958007,15.119999662041664,2.095556868054985,149.96494952905772,42.73845930425164
20250718111120188794,2025-07-18 11:11:20.188794,107,-1.3791316537039744,0.7607131209610895,1.3418505442149269,-0.3480400092958007,11.759999737143517,2.0691185209311995,151.11937772308966,40.42959240723576
20250718111120188794,2025-07-18 11:11:20.188794,108,-1.4302330462621329,0.7889000599773689,1.317463928468936,-0.3480400092958007,13.35999970138073,2.0984854238400983,151.11937772308966,38.88921637449814
20250718111120188794,2025-07-18 11:11:20.188794,109,-1.486015617249469,0.8591640307623285,1.3555488204049948,-0.3480400092958007,7.639999829232693,2.1872169190472315,149.96494952905772,38.2985859079943
20250718111120188794,2025-07-18 11:11:20.188794,110,1.442719995490196,0.3626667637025046,0.7238212515283187,-0.0697200018621515,8.119999818503857,1.654353460130483,14.110479912621276,25.946082494415386
20250718111120188794,2025-07-18 11:11:20.188794,111,-1.6364884240116642,0.3543601005997976,0.8642731364697684,-0.0697200018621515,7.239999838173389,1.8843124733558845,167.78198020269232,27.301165474065733
20250718111120188794,2025-07-18 11:11:20.188794,112,-1.0111660229982964,0.7513047750634841,1.8902511467317624,-0.0697200018621515,10.519999764859676,2.2715556319007746,143.3873436812753,56.31914681051547
20250718111120188794,2025-07-18 11:11:20.188794,113,-1.0638719885945318,0.7766897945262781,1.833118050913024,-0.0697200018621515,28.23999936878681,2.257297595271948,143.8683339870522,54.30016783467495
20250718111120188794,2025-07-18 11:11:20.188794,114,-1.1149976212436483,0.7996112124025622,1.7713443693565658,-0.0697200018621515,54.51999878138304,2.240593372575689,144.35411760331877,52.23874679972409
20250718111120188794,2025-07-18 11:11:20.188794,115,-1.1644817662181564,0.7726904707096729,1.5977874740647386,-0.2088800055789761,68.99999845772982,2.1227324748206664,146.43378503844596,48.82508098134901
20250718111120188794,2025-07-18 11:11:20.188794,116,-1.2151288157029756,0.8062972592758663,1.5802939603873067,-0.4174800111504737,69.87999843806028,2.150344695695108,146.43378503844596,47.29898864123751
20250718111120188794,2025-07-18 11:11:20.188794,117,-1.264057763161622,0.8346379734684718,1.5479953268983264,-0.4174800111504737,36.87999917566776,2.165814421289085,146.5638285994105,45.62193791590022
20250718111120188794,2025-07-18 11:11:20.188794,118,-1.3142908496843222,0.7959319929086629,1.4153051378311456,-0.3480400092958007,13.519999697804453,2.0890085706072945,148.80098362498154,42.648660048633445
20250718111120188794,2025-07-18 11:11:20.188794,119,-1.3607543625331924,0.7871792692220462,1.3347589611616408,-0.3480400092958007,10.239999771118164,2.06225243882687,149.9511589585652,40.333346464462544
20250718111120188794,2025-07-18 11:11:20.188794,120,-1.4111748156264696,0.816346866631709,1.3101095787910926,-0.3480400092958007,12.23999972641468,2.091464481017544,149.9511589585652,38.78558798341373
20250718111120188794,2025-07-18 11:11:20.188794,121,-1.4657860540731174,0.8876771952542784,1.3479087410057211,-0.3480400092958007,7.519999831914902,2.180219606684008,148.80098362498154,38.18805026337933
20250718111120188794,2025-07-18 11:11:20.188794,122,1.4867904741829885,0.2635871613728571,0.7503695509589445,-0.0697200018621515,8.119999818503857,1.6861431044748854,10.05328307426838,26.4246998196598
20250718111120188794,2025-07-18 11:11:20.188794,123,-1.6166679233723646,0.4014982509538236,0.8516425071497102,-0.0697200018621515,7.519999831914902,1.8708583537949464,166.052808979771,27.078758984237016
20250718111120188794,2025-07-18 11:11:20.188794,124,-1.096827273061805,0.8056066441310689,1.7121648878202689,-0.0697200018621515,49.359998896718025,2.187130708276237,143.70315852970117,51.52098513545377
20250718111120188794,2025-07-18 11:11:20.188794,125,-1.1472407730795853,0.7950207395970168,1.591804096549605,-0.2088800055789761,64.11999856680632,2.1170875394271573,145.27861821812232,48.75383418873476
20250718111120188794,2025-07-18 11:11:20.188794,126,-1.1971379564368372,0.8295987432274181,1.5740503465800415,-0.4872000130126253,65.35999853909016,2.1445297515014867,145.27861821812232,47.22142799003536
20250718111120188794,2025-07-18 11:11:20.188794,127,-1.248894345160517,0.8304492944982823,1.5006126916271698,-0.4872000130126253,32.63999927043915,2.121608249979046,146.37817571081595,45.01562690148707
20250718111120188794,2025-07-18 11:11:20.188794,128,-1.2956263988534569,0.8211426974559611,1.4085499499070775,-0.4174800111504737,11.879999734461308,2.0825311657630627,147.6342757237497,42.56019381028177
20250718111120188794,2025-07-18 11:11:20.188794,129,-1.593706053178804,0.2982538852690708,0.7897576328071141,-0.0697200018621515,7.639999829232693,1.803488697661827,169.40000332563022,25.97032043434757
20250718111120188794,2025-07-18 11:11:20.188794,130,-1.1786682579711556,0.8525480335034343,1.5679011027837155,-0.4872000130126253,59.51999866962433,2.138787245120404,144.1212327062135,47.14518524038592
20250718111120188794,2025-07-18 11:11:20.188794,131,-1.2300177495457314,0.8543945442771311,1.4941965812863658,-0.4872000130126253,28.23999936878681,2.1155512579504983,145.21539527053528,44.934004201183306
20250718111120188794,2025-07-18 11:11:20.188794,132,-1.2764437147610042,0.8459878145743674,1.401892720839344,-0.4174800111504737,10.359999768435957,2.0761279199759164,146.46480148464576,42.47309357536853
20250718111120188794,2025-07-18 11:11:20.188794,133,-1.220394475611991,0.8662292249017777,1.4910254881703116,-0.4872000130126253,24.35999945551157,2.112551242586016,144.63307896725632,44.89370657261477
20250718111120188794,2025-07-18 11:11:20.188794,134,-1.5547803932510271,0.389517395094222,0.765303649051035,-0.0697200018621515,7.759999826550484,1.7761631534207765,165.9352398396518,25.523079438208946
20250718111120188794,2025-07-18 11:11:20.188794,135,0.0500919725599911,0.0951232676153376,1.7709773715901442,3.896480104071088,5.359999880194664,1.774237439702225,62.22868094844697,86.52614554063878
20250718111120241370,2025-07-18 11:11:20.241370,1,-1.28041333679987,0.4796895836804082,0.2555792911355999,0.3480400092958007,21.87999951094389,1.3910000660689548,159.46221576819767,10.587552250203178
20250718111120241370,2025-07-18 11:11:20.241370,2,-1.3375790905873772,0.3760478580216655,-0.4293174213796562,-0.4174800111504737,24.879999443888664,1.4542500690731686,164.29716824230098,-17.170470867154897
20250718111120241370,2025-07-18 11:11:20.241370,3,-1.5705946562361512,0.3737149833899567,-0.5544536173505399,-0.2783200074336491,7.759999826550484,1.7070000810781494,166.6156543238838,-18.95416796249887
20250718111120241370,2025-07-18 11:11:20.241370,4,-1.2635055487411682,0.5288408752925317,0.2424092422411848,0.3480400092958007,25.23999943584204,1.391000066068955,157.28822787004827,10.03616523608074
20250718111120241370,2025-07-18 11:11:20.241370,5,-1.3227488640707843,0.4145959404765822,-0.4396463489432194,-0.4174800111504737,29.23999934643507,1.4542500690731686,162.59717703566864,-17.59689646614703
20250718111120241370,2025-07-18 11:11:20.241370,6,-1.3802794576086748,0.4326280485977057,-0.4587679797293007,-0.4174800111504737,23.9999994635582,1.5175000720773824,162.59717703566864,-17.596896466147033
20250718111120241370,2025-07-18 11:11:20.241370,7,-1.4919895816376312,0.4179748509808141,-0.5495456022738073,-0.2783200074336491,9.239999793469906,1.64400007808581,164.3499990247946,-19.52836377979684
20250718111120241370,2025-07-18 11:11:20.241370,8,-1.5547556887951686,0.4190012281139647,-0.566588030052576,-0.2783200074336491,8.359999813139439,1.7070000810781494,164.91731615365083,-19.385373212579328
20250718111120241370,2025-07-18 11:11:20.241370,9,-1.1953173430274475,0.5540179886500259,0.1649264917422485,0.3480400092958007,15.75999964773655,1.3277500630647407,155.13273483765389,7.135426060573998
20250718111120241370,2025-07-18 11:11:20.241370,10,-1.2479586020667357,0.3900262534907533,-0.4747210053488702,0.4872000130126253,29.35999934375286,1.3910000660689548,162.64433616616898,-19.95489981430651
20250718111120241370,2025-07-18 11:11:20.241370,11,-1.306728252912608,0.4526969951008104,-0.4498554957605555,0.4872000130126253,34.759999223053455,1.4542500690731686,160.8921007905803,-18.01936833550886
20250718111120241370,2025-07-18 11:11:20.241370,12,-1.3635620586521455,0.4723862403750937,-0.4694211551085735,-0.4174800111504737,28.23999936878681,1.517500072077382,160.89210079058026,-18.01936833550886
20250718111120241370,2025-07-18 11:11:20.241370,13,-1.4203958643916832,0.4920754856493767,-0.4889868144565915,-0.2783200074336491,14.359999679028988,1.5807500750815962,160.8921007905803,-18.01936833550886
20250718111120241370,2025-07-18 11:11:20.241370,14,-1.48077261043821,0.446690485300558,-0.55723993329993,-0.2783200074336491,9.759999781847,1.64400007808581,163.21351591303142,-19.813141534868567
20250718111120241370,2025-07-18 11:11:20.241370,15,-1.537517546239674,0.4638081863795939,-0.5785940183351463,-0.2783200074336491,8.999999798834324,1.7070000810781492,163.21351591303142,-19.81314153486857
20250718111120241370,2025-07-18 11:11:20.241370,16,-1.5939224412062032,0.4105972179552334,-0.6516183976993705,-0.3480400092958007,5.759999871253967,1.7702500840823634,165.55456742498927,-21.59811597950273
20250718111120241370,2025-07-18 11:11:20.241370,17,-1.1792234139198874,0.6022482845528767,0.0982312261181086,0.3480400092958007,17.879999600350857,1.327750063064741,152.94587112255903,4.242802836472499
20250718111120241370,2025-07-18 11:11:20.241370,18,-1.2377176196553166,0.4140368418958793,-0.4811546231218197,0.4872000130126253,34.35999923199415,1.3910000660689548,161.50406660921382,-20.23708283335703
20250718111120241370,2025-07-18 11:11:20.241370,19,-1.2895316745808871,0.4903167335184655,-0.4599356742890362,-0.3480400092958007,41.75999906659126,1.4542500690731686,159.18176820331269,-18.437499770861795
20250718111120241370,2025-07-18 11:11:20.241370,20,-1.3456175459353592,0.5116421819592719,-0.4799397529541774,-0.4174800111504737,33.519999250769615,1.517500072077382,159.18176820331269,-18.437499770861795
20250718111120241370,2025-07-18 11:11:20.241370,21,-1.4017034172898315,0.5329676304000786,-0.4999438316193185,-0.0697200018621515,16.119999639689922,1.5807500750815962,159.18176820331269,-18.43749977086179
20250718111120241370,2025-07-18 11:11:20.241370,22,-1.4628380781548098,0.4893433271580341,-0.5686687278305332,-0.2783200074336491,10.119999773800371,1.64400007808581,161.50406660921382,-20.23708283335703
20250718111120241370,2025-07-18 11:11:20.241370,23,-1.518895741733735,0.5080955349505865,-0.5904607776196594,-0.2783200074336491,9.359999790787697,1.7070000810781494,161.50406660921382,-20.237082833357025
20250718111120241370,2025-07-18 11:11:20.241370,24,-1.5762500426024029,0.456532934297343,-0.6639268357969837,-0.3480400092958007,5.879999868571758,1.7702500840823632,163.84727590674993,-22.02721260363228
20250718111120241370,2025-07-18 11:11:20.241370,25,-1.1658897562509978,0.4292229311779619,-0.4683897752816675,-0.0697200018621515,20.359999544918537,1.3277500630647407,159.7887891775904,-20.65680624710601
20250718111120241370,2025-07-18 11:11:20.241370,26,-1.221429223080503,0.4496698153029901,-0.4907024495701748,0.4872000130126253,40.11999910324812,1.3910000660689548,159.7887891775904,-20.65680624710601
20250718111120241370,2025-07-18 11:11:20.241370,27,-1.2774215731430467,0.5151124238612733,-0.4665796594921638,-0.3480400092958007,50.519998870790005,1.4542500690731688,158.03854556646044,-18.713651728945884
20250718111120241370,2025-07-18 11:11:20.241370,28,-1.3329807373179117,0.5375163164582996,-0.4868727063980461,-0.4174800111504737,40.11999910324812,1.5175000720773824,158.03854556646044,-18.713651728945884
20250718111120241370,2025-07-18 11:11:20.241370,29,-1.388539901492777,0.5599202090553259,-0.5071657533039284,-0.0697200018621515,18.23999959230423,1.5807500750815962,158.03854556646044,-18.713651728945884
20250718111120241370,2025-07-18 11:11:20.241370,30,-1.4435870903985242,0.5314573518031027,-0.5799531467242037,-0.2783200074336491,10.359999768435957,1.64400007808581,159.7887891775904,-20.65680624710601
20250718111120241370,2025-07-18 11:11:20.241370,31,-1.498907033643723,0.5518234182043165,-0.6021776286242188,-0.2783200074336491,9.63999978452921,1.7070000810781492,159.7887891775904,-20.65680624710601
20250718111120241370,2025-07-18 11:11:20.241370,32,-1.557159125417355,0.5019359511555926,-0.6760925374980884,-0.3480400092958007,5.999999865889549,1.7702500840823632,162.13375008965954,-22.452614547632777
20250718111120241370,2025-07-18 11:11:20.241370,33,-1.1549407865654508,0.451641179554255,-0.4743967268298155,-0.0697200018621515,23.11999948322773,1.327750063064741,158.6419485675324,-20.934085331026857
20250718111120241370,2025-07-18 11:11:20.241370,34,-1.2097902860594891,0.5161972750894888,-0.4525804025254765,0.4872000130126253,46.51999896019697,1.3910000660689548,156.89286836093063,-18.987588194689376
20250718111120241370,2025-07-18 11:11:20.241370,35,-1.26480052013085,0.53966922163831,-0.4731596336252152,-0.3480400092958007,61.23999863117933,1.4542500690731686,156.89286836093063,-18.98758819468938
20250718111120241370,2025-07-18 11:11:20.241370,36,-1.3198107542022104,0.563141168187131,-0.4937388647249537,-0.3480400092958007,48.35999891906977,1.517500072077382,156.89286836093063,-18.987588194689383
20250718111120241370,2025-07-18 11:11:20.241370,37,-1.3748209882735711,0.5866131147359521,-0.5143180958246923,-0.0697200018621515,20.63999953866005,1.5807500750815962,156.89286836093063,-18.98758819468938
20250718111120241370,2025-07-18 11:11:20.241370,38,-1.4300302414713622,0.5592152884106159,-0.5873908634217412,-0.2783200074336491,10.519999764859676,1.64400007808581,158.6419485675324,-20.934085331026864
20250718111120241370,2025-07-18 11:11:20.241370,39,-1.4817626591777882,0.5272297997233669,-0.6635189800984125,-0.2088800055789761,9.759999781847,1.7070000810781494,160.41380140983213,-22.8739269708506
20250718111120241370,2025-07-18 11:11:20.241370,40,-1.5366668701871584,0.5467654088812479,-0.6881045544928029,-0.3480400092958007,6.11999986320734,1.7702500840823632,160.41380140983213,-22.873926970850587
20250718111120241370,2025-07-18 11:11:20.241370,41,-1.1376525745092938,0.4848607973700063,-0.4832978965964166,-0.0697200018621515,26.119999416172504,1.327750063064741,156.9165839443372,-21.34590910366109
20250718111120241370,2025-07-18 11:11:20.241370,42,-1.1972342631883266,0.5394481213694535,-0.4588104480095333,-0.3480400092958007,53.35999880731106,1.391000066068955,155.7446926405961,-19.25919472901204
20250718111120241370,2025-07-18 11:11:20.241370,43,-1.2516735637969978,0.5639773044583233,-0.4796729647863865,-0.3480400092958007,73.75999835133553,1.4542500690731686,155.7446926405961,-19.25919472901203
20250718111120241370,2025-07-18 11:11:20.241370,44,-1.306112864405669,0.588506487547193,-0.5005354815632399,-0.3480400092958007,58.35999869555235,1.517500072077382,155.74469264059613,-19.25919472901204
20250718111120241370,2025-07-18 11:11:20.241370,45,-1.3605521650143402,0.6130356706360628,-0.5213979983400931,-0.4872000130126253,23.23999948054552,1.5807500750815962,155.74469264059613,-19.25919472901203
20250718111120241370,2025-07-18 11:11:20.241370,46,-1.408624238368126,0.6003473175494561,-0.5984121574125468,-0.2783200074336491,10.359999768435957,1.64400007808581,156.9165839443372,-21.34590910366109
20250718111120241370,2025-07-18 11:11:20.241370,47,-1.467847300243096,0.5557217931987883,-0.6711533867409044,-0.2088800055789761,9.63999978452921,1.7070000810781494,159.2635116041741,-23.152334505794684
20250718111120241370,2025-07-18 11:11:20.241370,48,-1.5222359011454838,0.5763131250205946,-0.6960218411705249,-0.3480400092958007,6.11999986320734,1.7702500840823632,159.2635116041741,-23.152334505794684
20250718111120241370,2025-07-18 11:11:20.241370,49,-1.6866044931266255,0.5599104289801468,1.173279998901216,-0.1391600037168245,5.519999876618385,2.1294882860765614,161.6351267744303,33.43345031082092
20250718111120241370,2025-07-18 11:11:20.241370,50,-1.0748518556832112,0.6605712892799531,1.9145631109739203,-0.2088800055789761,7.35999983549118,2.2928612792292427,148.4263798374775,56.6169255361302
20250718111120241370,2025-07-18 11:11:20.241370,51,-1.1255573177445997,0.5067224544605146,1.5108442900409755,-0.0697200018621515,29.23999934643507,1.950973446803499,155.76287197531047,50.75115132381293
20250718111120241370,2025-07-18 11:11:20.241370,52,-1.1775039550372657,0.5738580160159819,1.5319694485082893,-0.3480400092958007,59.75999866425991,2.015628680545351,154.01765334697848,49.46820661599757
20250718111120241370,2025-07-18 11:11:20.241370,53,-1.231046101087666,0.5999518474415828,1.5106876854731703,-0.3480400092958007,86.87999805808067,2.0390179021509343,154.01765334697848,47.80727314337728
20250718111120241370,2025-07-18 11:11:20.241370,54,-1.2845882471380663,0.6260456788671837,1.4894059224380514,-0.3480400092958007,69.6399984434247,2.0640809476634066,154.01765334697848,46.18533899119665
20250718111120241370,2025-07-18 11:11:20.241370,55,-1.338130393188467,0.6521395102927846,1.4681241594029322,-0.4872000130126253,26.119999416172504,2.090757622844456,154.01765334697848,44.60355297305703
20250718111120241370,2025-07-18 11:11:20.241370,56,-1.3936480740893409,0.6274160912318478,1.3943347865391555,-0.4872000130126253,9.999999776482582,2.068834310161829,155.7628719753105,42.37431049563661
20250718111120241370,2025-07-18 11:11:20.241370,57,-1.4458752167494269,0.5979415562318039,1.3175338618497658,-0.2088800055789761,9.119999796152117,2.045479094051042,157.5324638598867,40.09972327494837
20250718111120241370,2025-07-18 11:11:20.241370,58,-1.499449679232966,0.6200972700171944,1.2922462325363488,-0.3480400092958007,6.11999986320734,2.0743120040965413,157.5324638598867,38.53377214668348
20250718111120241370,2025-07-18 11:11:20.241370,59,-1.6632048902752496,0.6084490792971228,1.1602741067470856,-0.1391600037168245,5.759999871253967,2.1172380102201003,159.90599975069472,33.23080792711963
20250718111120241370,2025-07-18 11:11:20.241370,60,-1.061434261749712,0.6812069160092183,1.909033811456504,-0.2088800055789761,7.519999831914902,2.2880331395587548,147.30847796047723,56.54882328589095
20250718111120241370,2025-07-18 11:11:20.241370,61,-1.110843350685795,0.5693514638931443,1.547466917487448,-0.0697200018621515,31.999999284744263,1.9881619400637904,152.86305296152955,51.10888138566818
20250718111120241370,2025-07-18 11:11:20.241370,62,-1.1637605730024034,0.5964736481079751,1.5259096081529204,-0.3480400092958007,64.7599985525012,2.0096068313019635,152.86305296152955,49.40318962284357
20250718111120241370,2025-07-18 11:11:20.241370,63,-1.2166777953190115,0.6235958323228057,1.504352298818393,-0.3480400092958007,98.23999780416489,2.0327942489767348,152.86305296152955,47.734958967323145
20250718111120241370,2025-07-18 11:11:20.241370,64,-1.26959501763562,0.6507180165376365,1.4827949894838657,-0.4872000130126253,80.87999819219112,2.0576652853878645,152.86305296152955,46.105701832828125
20250718111120241370,2025-07-18 11:11:20.241370,65,-1.322512239952228,0.677840200752467,1.461237680149338,-0.4872000130126253,28.879999354481697,2.084159667700108,152.86305296152955,44.5166091888041
20250718111120241370,2025-07-18 11:11:20.241370,66,-1.378114469187565,0.6541901533569866,1.3871606982146238,-0.4872000130126253,9.519999787211418,2.0618872543387634,154.6063346261862,42.28064589499136
20250718111120241370,2025-07-18 11:11:20.241370,67,-1.4305030087589206,0.6257261619123863,1.3100889991956364,-0.2088800055789761,8.639999806880951,2.038186761212857,156.37461973955135,39.99881848778376
20250718111120241370,2025-07-18 11:11:20.241370,68,-1.4835078800559338,0.6489113873025202,1.2845255130791302,-0.3480400092958007,5.999999865889549,2.066854472987911,156.37461973955135,38.42488693717676
20250718111120241370,2025-07-18 11:11:20.241370,69,-1.5936302465078485,0.6197553869426233,1.179081732429862,-0.1391600037168245,4.999999888241291,2.077014163162801,158.7491731037332,34.58868118527133
20250718111120241370,2025-07-18 11:11:20.241370,70,-1.646772259472984,0.6404220684895435,1.1517069701133678,-0.1391600037168245,5.999999865889549,2.109129736499369,158.7491731037332,33.09698699666177
20250718111120241370,2025-07-18 11:11:20.241370,71,-1.0496914211198611,0.6898654413242257,1.8544184242873607,-0.2088800055789761,7.639999829232693,2.239784386730678,146.68676855323858,55.88822130137388
20250718111120241370,2025-07-18 11:11:20.241370,72,-1.0972805698753605,0.5906810136312741,1.5417516818601968,-0.0697200018621515,34.11999923735857,1.982404337517756,151.70581730260196,51.05211656742208
20250718111120241370,2025-07-18 11:11:20.241370,73,-1.1495517022757495,0.6188192731772566,1.5199221159612375,-0.3480400092958007,67.35999849438667,2.0036391011479058,151.70581730260196,49.33924199721019
20250718111120241370,2025-07-18 11:11:20.241370,74,-1.2018228346761386,0.646957532723239,1.498092550062279,-0.3480400092958007,104.51999766379596,2.0266261282358995,151.70581730260196,47.66375380996736
20250718111120241370,2025-07-18 11:11:20.241370,75,-1.2540939670765276,0.6750957922692211,1.4762629841633204,-0.4872000130126253,89.87999799102545,2.0513065118134204,151.70581730260196,46.02721064063427
20250718111120241370,2025-07-18 11:11:20.241370,76,-1.3063650994769167,0.7032340518152036,1.4544334182643617,-0.4872000130126253,31.119999304413795,2.077619905788332,151.70581730260196,44.43084584621889
20250718111120241370,2025-07-18 11:11:20.241370,77,-1.36202963689737,0.680658794657484,1.3800684471534064,-0.4872000130126253,8.759999804198742,2.054996361398184,153.44693140705058,42.18814866904093
20250718111120241370,2025-07-18 11:11:20.241370,78,-1.4145586186636074,0.653208262407331,1.302725192561705,-0.2088800055789761,7.999999821186066,2.030948066063637,155.21367252687733,39.89905506915184
20250718111120241370,2025-07-18 11:11:20.241370,79,-1.466972697533246,0.6774117905838183,1.276888853035945,-0.3480400092958007,5.999999865889549,2.059451570767663,155.21367252687733,38.31715849585351
20250718111120241370,2025-07-18 11:11:20.241370,80,-1.5770904725867796,0.6503832174977399,1.1708750299667017,-0.1391600037168245,5.239999882876873,2.0690966686276955,157.5890252494464,34.463913013027
20250718111120241370,2025-07-18 11:11:20.241370,81,-1.629680941753045,0.6720712304181208,1.1432266027334834,-0.1391600037168245,6.11999986320734,2.1010727678655874,157.5890252494464,32.96425185345488
20250718111120241370,2025-07-18 11:11:20.241370,82,-1.0354016662392744,0.7100065648822526,1.849021626495332,-0.2088800055789761,7.639999829232693,2.2349601580060448,145.5603764481921,55.824157342456445
20250718111120241370,2025-07-18 11:11:20.241370,83,-1.0832788914868077,0.6117443022696463,1.5361077906796012,-0.0697200018621515,35.23999921232462,1.9767021507265143,150.54591261282684,50.99639363407665
20250718111120241370,2025-07-18 11:11:20.241370,84,-1.134883026215891,0.6408859532721356,1.514009366850179,-0.3480400092958007,66.75999850779772,1.997728372728523,150.54591261282684,49.27638272640552
20250718111120241370,2025-07-18 11:11:20.241370,85,-1.1864871609449743,0.6700276042746247,1.4919109430207569,-0.3480400092958007,103.23999769240618,2.02051652690156,150.54591261282684,47.593680654721645
20250718111120241370,2025-07-18 11:11:20.241370,86,-1.238091295674058,0.699169255277114,1.469812519191335,-0.4872000130126253,93.6399979069829,2.04500771282658,150.54591261282684,45.94989243961414
20250718111120241370,2025-07-18 11:11:20.241370,87,-1.2896954304031414,0.7283109062796034,1.4477140953619128,-0.4872000130126253,32.35999927669764,2.071141516487496,150.54591261282684,44.3462940274506
20250718111120241370,2025-07-18 11:11:20.241370,88,-1.3454000109369224,0.7068114280302038,1.373060870161239,-0.4872000130126253,7.999999821186066,2.048164968304825,152.28462426902834,42.09685402370274
20250718111120241370,2025-07-18 11:11:20.241370,89,-1.3980484240066515,0.6803768652433544,1.2954453873723106,-0.3480400092958007,7.239999838173389,2.0237664950013508,154.04957926370835,39.80047258534554
20250718111120241370,2025-07-18 11:11:20.241370,90,-1.44985074551715,0.7055870800802859,1.2693393069688534,-0.3480400092958007,5.879999868571758,2.052106865655156,154.04957926370835,38.21063071415077
20250718111120241370,2025-07-18 11:11:20.241370,91,-1.5511001698006115,0.6957106180561206,1.1587295895920813,-0.1391600037168245,5.519999876618385,2.0573233247663696,155.8424681069491,34.2789090312475
20250718111120241370,2025-07-18 11:11:20.241370,92,-1.6053243906214931,0.6405089296456564,1.075726081265768,-0.1391600037168245,6.239999860525131,2.035805661156167,158.24847775793089,31.897624047041383
20250718111120241370,2025-07-18 11:11:20.241370,93,-1.0206977645158768,0.7298676218938023,1.8436998723082587,-0.2088800055789761,7.639999829232693,2.230192792367089,144.4326794976801,55.76120234439741
20250718111120241370,2025-07-18 11:11:20.241370,94,-1.0761152090553492,0.62217346160059,1.5333133058591395,-0.0697200018621515,34.99999921768904,1.973872704458163,149.96494952905772,50.96892733960315
20250718111120241370,2025-07-18 11:11:20.241370,95,-1.127378087588771,0.6518119262560126,1.511081761212625,-0.3480400092958007,63.11999858915806,1.994795284898763,149.96494952905772,49.24536692644564
20250718111120241370,2025-07-18 11:11:20.241370,96,-1.1786409661221926,0.6814503909114351,1.4888502165661106,-0.3480400092958007,94.99999787658452,2.0174846045667256,149.96494952905772,47.55907554400806
20250718111120241370,2025-07-18 11:11:20.241370,97,-1.2299038446556143,0.7110888555668577,1.4666186719195964,-0.4872000130126253,90.63999797403812,2.0418817684756494,149.96494952905772,45.9116814567174
20250718111120241370,2025-07-18 11:11:20.241370,98,-1.2811667231890362,0.7407273202222803,1.444387127273082,-0.4872000130126253,32.51999927312136,2.067926330642076,149.96494952905772,44.30448197157527
20250718111120241370,2025-07-18 11:11:20.241370,99,-1.3282322429345834,0.7326375927709614,1.3661407701753598,-0.4872000130126253,7.35999983549118,2.041396418495826,151.11937772308966,42.00679656172449
20250718111120241370,2025-07-18 11:11:20.241370,100,-1.3809790286454873,0.7072211033420513,1.288252495452336,-0.3480400092958007,6.6399998515844345,2.016645546101285,152.88229952985023,39.70311008805302
20250718111120241370,2025-07-18 11:11:20.241370,101,-1.432148872559856,0.7334259860522941,1.261879894595488,-0.3480400092958007,5.759999871253967,2.04482393828309,152.88229952985023,38.10534707518312
20250718111120241370,2025-07-18 11:11:20.241370,102,-1.5329963136592244,0.7255016948741415,1.150747094617039,-0.1391600037168245,5.639999873936176,2.049548555835548,154.67380505254914,34.157082201419215
20250718111120241370,2025-07-18 11:11:20.241370,103,-1.5814250582954457,0.6631761906318956,1.050846434918648,-0.1391600037168245,6.359999857842922,2.0112150816377192,157.24908711814942,31.499647221019693
20250718111120241370,2025-07-18 11:11:20.241370,104,-1.0131923401075391,0.7396906384322943,1.841067802959532,-0.2088800055789761,7.519999831914902,2.227831145695564,143.8683339870522,55.73014606610714
20250718111120241370,2025-07-18 11:11:20.241370,105,-1.0625634588797732,0.6724374881935827,1.5737290177671237,-0.0697200018621515,33.639999248087406,2.014407183524949,147.67254900638002,51.37395534989052
20250718111120241370,2025-07-18 11:11:20.241370,106,-1.112030761502976,0.6734436752651766,1.5052855515347467,-0.3480400092958007,57.35999871790409,1.9889754623782627,148.8009836249815,49.18417393691281
20250718111120241370,2025-07-18 11:11:20.241370,107,-1.1625957835483125,0.704065754676048,1.4827904481088463,-0.3480400092958007,82.63999815285206,2.01146838300648,148.80098362498154,47.49074175202493
20250718111120241370,2025-07-18 11:11:20.241370,108,-1.213160805593649,0.7346878340869197,1.4602953446829463,-0.4872000130126253,81.99999816715717,2.035678719122113,148.8009836249815,45.83617181379526
20250718111120241370,2025-07-18 11:11:20.241370,109,-1.2637258276389856,0.7653099134977913,1.437800241257046,-0.4872000130126253,31.359999299049377,2.061545964779504,148.8009836249815,44.22180426222755
20250718111120241370,2025-07-18 11:11:20.241370,110,-1.310533199768347,0.7581269587586666,1.3593109151433729,-0.4872000130126253,6.8799998462200165,2.034694059882134,149.9511589585652,41.91801026553457
20250718111120241370,2025-07-18 11:11:20.241370,111,-1.4138741591742088,0.7609173733091322,1.254513599581207,-0.3480400092958007,5.639999873936176,2.0376063796814248,151.7117955746915,38.00135063196124
20250718111120241370,2025-07-18 11:11:20.241370,112,-1.514279279459462,0.754937097354948,1.1428599022934218,-0.1391600037168245,5.879999868571758,2.0418375335547907,153.5016576745851,34.03652406344726
20250718111120241370,2025-07-18 11:11:20.241370,113,-1.5633852052781636,0.6935537370681605,1.0427067958830118,-0.1391600037168245,6.359999857842922,2.0031044776707163,156.07682182813514,31.36884210363405
20250718111120241370,2025-07-18 11:11:20.241370,114,-1.0471549310364705,0.6928164818325492,1.5682684828790037,-0.0697200018621515,31.239999301731583,2.008978387510537,146.51066399385218,51.3182794429459
20250718111120241370,2025-07-18 11:11:20.241370,115,-1.096238637959342,0.6947746302683955,1.4995699393678497,-0.3480400092958007,50.75999886542559,1.9832198418922788,147.63427572374968,49.12411305717485
20250718111120241370,2025-07-18 11:11:20.241370,116,-1.1460855781828707,0.7263666470652868,1.4768149420026568,-0.3480400092958007,69.35999844968319,2.005518145370404,147.6342757237497,47.42359393979221
20250718111120241370,2025-07-18 11:11:20.241370,117,-1.1959325184063996,0.7579586638621783,1.4540599446374636,-0.4872000130126253,70.75999841839075,2.029543359306402,147.6342757237497,45.76189950599631
20250718111120241370,2025-07-18 11:11:20.241370,118,-1.245779458629928,0.7895506806590696,1.4313049472722708,-0.4872000130126253,29.23999934643507,2.055234923058568,147.6342757237497,44.14041284990088
20250718111120241370,2025-07-18 11:11:20.241370,119,-1.4949565537651124,0.7840050517305401,1.1350711673928573,-0.1391600037168245,5.999999865889549,2.0341940846022664,152.32598535017843,33.9172870028485
20250718111120241370,2025-07-18 11:11:20.241370,120,-1.5447200190515822,0.723576728240157,1.0346621596441086,-0.1391600037168245,6.359999857842922,1.995056140440379,154.90069971216116,31.23926386381921
20250718111120241370,2025-07-18 11:11:20.241370,121,-1.1291169538875856,0.7483441480199353,1.4709260883702044,-0.3480400092958007,57.35999871790409,1.999636871254412,146.46480148464576,47.35765228660931
20250718111120241370,2025-07-18 11:11:20.241370,122,-1.178225874178725,0.7808920368714127,1.4479149658599175,-0.4872000130126253,59.11999867856503,2.0234787698897487,146.46480148464576,45.68888895700555
20250718111120241370,2025-07-18 11:11:20.241370,123,-1.1204628485596713,0.7592088744640361,1.4680148936935224,-0.3480400092958007,47.23999894410372,1.996723024901903,145.8790201784294,47.32513985293524
20250718111120241370,2025-07-18 11:11:20.241370,124,-1.1691953740342451,0.792229305139539,1.4448771539830982,-0.4174800111504737,48.87999890744686,2.0204739752561163,145.8790201784294,45.65286426583601
20250718111120241370,2025-07-18 11:11:20.241370,125,-1.422468944089707,0.821389661814893,1.0515475600625233,-0.1391600037168245,6.359999857842922,1.9503464165397688,149.99616857676347,32.62643235605902
20250718111120241370,2025-07-18 11:11:20.241370,126,-1.2565277503182506,1.0385378885035734,1.1607743830356578,0.0697200018621515,5.519999876618385,2.0012046625693025,140.42578884616296,35.45320250077342
20250718111120241370,2025-07-18 11:11:20.241370,127,-0.0894706218314082,-0.025946463381167,1.7647750120679355,0.7655200204462744,5.119999885559082,1.767232031837436,-163.8278509966834,86.97834067474079
20250718111120298597,2025-07-18 11:11:20.298597,1,-1.28041333679987,0.4796895836804082,2.2555792911356,0.3480400092958007,23.87999946624041,2.6376501565496207,159.46221576819767,58.77600669384758
20250718111120298597,2025-07-18 11:11:20.298597,2,-1.3386348634372471,0.5015014932187158,2.26720070750104,0.3480400092958007,32.63999927043915,2.680232470030067,159.46221576819764,57.76817382410505
20250718111120298597,2025-07-18 11:11:20.298597,3,-1.3968563900746247,0.5233134027570234,2.27882212386648,0.3480400092958007,28.759999357163903,2.723617991609833,159.46221576819767,56.79215515458145
20250718111120298597,2025-07-18 11:11:20.298597,4,-1.454433217835557,0.3460749619177938,1.4865538631359896,-0.3480400092958007,24.119999460875988,2.1083136039058394,166.6156543238838,44.83693136945972
20250718111120298597,2025-07-18 11:11:20.298597,5,-1.5126289483610031,0.3599223390117685,1.4660095214268964,-0.4174800111504737,12.639999717473984,2.13700124998881,166.6156543238838,43.315284858621375
20250718111120298597,2025-07-18 11:11:20.298597,6,-1.5705946562361512,0.3737149833899567,1.44554638264946,0.2088800055789761,10.759999759495258,2.1670336424242813,166.6156543238838,41.840732357231865
20250718111120298597,2025-07-18 11:11:20.298597,7,-1.6287903867615974,0.3875623604839314,1.4250020409403672,-0.2088800055789761,8.51999980956316,2.1985889847707054,166.6156543238838,40.40180569321341
20250718111120298597,2025-07-18 11:11:20.298597,8,-1.2095508993046096,0.5191715107425537,2.174263577356625,0.3480400092958007,15.239999659359457,2.5416479967522885,156.7696997734279,58.80995449928327
20250718111120298597,2025-07-18 11:11:20.298597,9,-1.2635055487411682,0.5288408752925317,2.2424092422411848,0.3480400092958007,27.639999382197857,2.627644982254752,157.28822787004827,58.58245914013937
20250718111120298597,2025-07-18 11:11:20.298597,10,-1.3255766934344992,0.540105848968092,2.2568567015536707,0.3480400092958007,37.51999916136265,2.672502585520545,157.83157512044377,57.615533116184885
20250718111120298597,2025-07-18 11:11:20.298597,11,-1.3784109778682403,0.5769345997529957,2.264454367434219,0.3480400092958007,32.239999279379845,2.7130469842027685,157.28822787004827,56.57978338298784
20250718111120298597,2025-07-18 11:11:20.298597,12,-1.4397657030245827,0.3880118285536906,1.4753169135878093,-0.3480400092958007,26.519999407231808,2.097626862485725,164.91731615365083,44.69451620753503
20250718111120298597,2025-07-18 11:11:20.298597,13,-1.4919895816376312,0.4179748509808141,1.4504543977261926,-0.4174800111504737,13.879999689757824,2.122393424332756,164.3499990247946,43.11030260714384
20250718111120298597,2025-07-18 11:11:20.298597,14,-1.5491643648755695,0.4339921354162103,1.4293951684419774,0.2088800055789761,12.759999714791777,2.152075730676948,164.3499990247946,41.62049888713244
20250718111120298597,2025-07-18 11:11:20.298597,15,-1.6123645331515215,0.4345266104679239,1.412418008084023,-0.2088800055789761,9.519999787211418,2.187111655249842,164.91731615365083,40.22504166840376
20250718111120298597,2025-07-18 11:11:20.298597,16,-1.1953793913732988,0.5678403520361958,2.107450803849178,0.0697200018621515,17.23999961465597,2.4885183232930266,154.5909076273373,57.87281723079853
20250718111120298597,2025-07-18 11:11:20.298597,17,-1.252258651215349,0.5804097324136216,2.172783091706622,0.3480400092958007,32.119999282062054,2.57410441719646,155.13273483765389,57.57487039350379
20250718111120298597,2025-07-18 11:11:20.298597,18,-1.306312317953412,0.5909568195020672,2.2432312250647533,0.3480400092958007,43.239999033510685,2.662286266286616,155.65869127875126,57.415253367448194
20250718111120298597,2025-07-18 11:11:20.298597,19,-1.3631280333466067,0.6166594282925131,2.2538101317075903,0.3480400092958007,36.23999918997288,2.705188902015019,155.65869127875126,56.4230027121165
20250718111120298597,2025-07-18 11:11:20.298597,20,-1.423802496320073,0.4295048568362877,1.4641988901679657,-0.3480400092958007,28.999999351799488,2.0869993676430125,163.21351591303142,44.55397766645145
20250718111120298597,2025-07-18 11:11:20.298597,21,-1.48077261043821,0.446690485300558,1.44276006670007,-0.3480400092958007,15.239999659359457,2.1151303797984724,163.21351591303142,43.00906098787829
20250718111120298597,2025-07-18 11:11:20.298597,22,-1.5314632161954835,0.4786303484606154,1.417434395305161,-0.3480400092958007,14.999999664723871,2.140931306236016,162.64433616616898,41.45750616136462
20250718111120298597,2025-07-18 11:11:20.298597,23,-1.5944876603578109,0.4809938148438641,1.399967158196958,-0.2088800055789761,10.519999764859676,2.175696208798794,163.21351591303142,40.05009194963084
20250718111120298597,2025-07-18 11:11:20.298597,24,-1.1792234139198874,0.6022482845528767,2.098231226118109,0.0697200018621515,19.519999563694,2.481097566489649,152.94587112255903,57.74558546087529
20250718111120298597,2025-07-18 11:11:20.298597,25,-1.2362201030937778,0.6164677244519539,2.163121381859263,0.3480400092958007,37.51999916136265,2.566586587520649,153.49587545315202,57.43707613010714
20250718111120298597,2025-07-18 11:11:20.298597,26,-1.2924321243164103,0.6444990569980257,2.1705386553334534,0.1391600037168245,50.23999887704849,2.607105269208194,153.49587545315202,56.36131149249479
20250718111120298597,2025-07-18 11:11:20.298597,27,-1.3486441455390423,0.6725303895440976,2.1779559288076435,0.3480400092958007,40.8799990862608,2.648514712812718,153.49587545315202,55.31882787156546
20250718111120298597,2025-07-18 11:11:20.298597,28,-1.4065579635299366,0.4705167058424954,1.4532097983466452,-0.3480400092958007,31.63999929279089,2.0764416662302487,161.50406660921382,44.41543807916723
20250718111120298597,2025-07-18 11:11:20.298597,29,-1.4628380781548098,0.4893433271580341,1.4313312721694669,-0.3480400092958007,16.639999628067017,2.1042959262955425,161.50406660921382,42.8588719379141
20250718111120298597,2025-07-18 11:11:20.298597,30,-1.518895741733735,0.5080955349505865,1.4095392223803405,-0.3480400092958007,17.519999608397484,2.133543101585288,161.50406660921382,41.34996417932745
20250718111120298597,2025-07-18 11:11:20.298597,31,-1.5751758563586082,0.5269221562661253,1.387660696203162,-0.2088800055789761,11.519999742507936,2.1643539786749906,161.50406660921382,39.87711314188796
20250718111120298597,2025-07-18 11:11:20.298597,32,-1.1678622578853504,0.6249201464489693,2.092156319032141,0.0697200018621515,21.99999950826168,2.4761957729745414,151.84887682862944,57.66202398342835
20250718111120298597,2025-07-18 11:11:20.298597,33,-1.2234956887354715,0.6546894548751772,2.096546367745214,0.0697200018621515,43.87999901920557,2.51417315529076,151.84887682862944,56.50053756321491
20250718111120298597,2025-07-18 11:11:20.298597,34,-1.2806064253168623,0.6693535288016645,2.163878919685366,0.1391600037168245,58.23999869823456,2.601991341672908,152.4046148861212,56.26594398782536
20250718111120298597,2025-07-18 11:11:20.298597,35,-1.3325081567395134,0.4905635835530463,1.4646722018528109,-0.2088800055789761,45.99999897181988,2.0399743322321737,159.7887891775904,45.88841758268148
20250718111120298597,2025-07-18 11:11:20.298597,36,-1.390469870076816,0.4482051997114549,1.3962811587910728,-0.2088800055789761,34.35999923199415,2.020865021478368,162.13375008965954,43.70396334304172
20250718111120298597,2025-07-18 11:11:20.298597,37,-1.4435870903985242,0.5314573518031027,1.4200468532757964,-0.3480400092958007,17.999999597668648,2.093543328868389,159.7887891775904,42.710807861944566
20250718111120298597,2025-07-18 11:11:20.298597,38,-1.498907033643723,0.5518234182043165,1.3978223713757814,-0.3480400092958007,19.879999555647373,2.122531215860896,159.7887891775904,41.19043710173506
20250718111120298597,2025-07-18 11:11:20.298597,39,-1.557159125417355,0.5019359511555926,1.3239074625019116,-0.2088800055789761,12.359999723732471,2.1046175923908983,162.13375008965954,38.97998974979849
20250718111120298597,2025-07-18 11:11:20.298597,40,1.4853345655531505,0.4444627034937566,1.021247373989454,-0.1391600037168245,5.759999871253967,1.856532268856187,16.658974553667555,33.372727033767084
20250718111120298597,2025-07-18 11:11:20.298597,41,-1.0967647305930135,0.6287527675476782,2.027156673607908,0.0697200018621515,9.879999779164793,2.389055691340139,150.17523553815653,58.050839132787495
20250718111120298597,2025-07-18 11:11:20.298597,42,-1.1516246508856258,0.6602028367824672,2.028515044193673,0.0697200018621515,24.75999944657088,2.424248421004563,150.17523553815653,56.79958902774244
20250718111120298597,2025-07-18 11:11:20.298597,43,-1.2111039395992491,0.6782066648385566,2.090244950327293,0.0697200018621515,51.35999885201454,2.509155432633261,150.7515893212805,56.41304528454528
20250718111120298597,2025-07-18 11:11:20.298597,44,-1.261908988295464,0.7061945106194187,2.1540074083589293,0.1391600037168245,67.5199984908104,2.59439258726104,150.7675779815257,56.12494121947021
20250718111120298597,2025-07-18 11:11:20.298597,45,-1.3199944595089974,0.5161856448680716,1.4578067912150292,-0.2088800055789761,51.63999884575605,2.033232311767393,158.6419485675324,45.806507210009336
20250718111120298597,2025-07-18 11:11:20.298597,46,-1.372171249850784,0.4882357972540786,1.3855549925069917,-0.2088800055789761,36.999999172985554,2.0102215723393373,160.41380140983213,43.57115364946158
20250718111120298597,2025-07-18 11:11:20.298597,47,-1.4270754608601544,0.5077714064119597,1.360969418112601,-0.2088800055789761,19.119999572634697,2.036323630761219,160.41380140983213,41.93956143554634
20250718111120298597,2025-07-18 11:11:20.298597,48,-1.4848306704328558,0.5806450713606577,1.3900996326880095,-0.3480400092958007,21.51999951899052,2.115241784655562,158.6419485675324,41.08533753276382
20250718111120298597,2025-07-18 11:11:20.298597,49,-1.5366668701871584,0.5467654088812479,1.3118954455071972,-0.2088800055789761,12.999999709427357,2.093171551073252,160.41380140983213,38.81075456194802
20250718111120298597,2025-07-18 11:11:20.298597,50,-1.5917603638197513,0.2791294912581979,1.1339121057139536,-0.1391600037168245,6.239999860525131,1.9741760286768504,170.05379824092793,35.05568864332332
20250718111120298597,2025-07-18 11:11:20.298597,51,-1.0845401881766177,0.6498232569915404,2.0215108529772965,0.0697200018621515,10.519999764859676,2.3843246032791474,149.07125027761722,57.97683126747607
20250718111120298597,2025-07-18 11:11:20.298597,52,-1.1387886396611338,0.6823272672760126,2.022586820909929,0.0697200018621515,27.639999382197857,2.4193527054995805,149.07125027761722,56.720452559317295
20250718111120298597,2025-07-18 11:11:20.298597,53,-1.19303709114565,0.7148312775604846,2.023662788842562,0.0697200018621515,59.51999866962433,2.455510606609974,149.07125027761722,55.50050224146658
20250718111120298597,2025-07-18 11:11:20.298597,54,-1.24812674154367,0.6082381866040906,1.567485018988401,-0.4872000130126253,77.63999826461077,2.093987425786726,154.01906045664947,48.466198203336845
20250718111120298597,2025-07-18 11:11:20.298597,55,-1.3002355728245931,0.5541527094776763,1.4476335469139052,-0.2088800055789761,57.6399987116456,2.0232005971752978,156.9165839443372,45.68554975985264
20250718111120298597,2025-07-18 11:11:20.298597,56,-1.3592850731454449,0.514620518218503,1.3784852278320536,-0.2088800055789761,39.51999911665917,2.003175406997272,159.2635116041741,43.4838459812684
20250718111120298597,2025-07-18 11:11:20.298597,57,-1.4136736740478324,0.5352118500403092,1.353616773402433,-0.2088800055789761,19.63999956101179,2.029089290878024,159.2635116041741,41.84406264795854
20250718111120298597,2025-07-18 11:11:20.298597,58,-1.4701603947778428,0.6091890440581332,1.382451298254945,-0.3480400092958007,21.7599995136261,2.1079977395198,157.492393702639,40.98128785951194
20250718111120298597,2025-07-18 11:11:20.298597,59,-1.5222359011454838,0.5763131250205946,1.3039781588294752,-0.2088800055789761,13.23999970406294,2.0855929601702043,159.2635116041741,38.699171942332086
20250718111120298597,2025-07-18 11:11:20.298597,60,-1.5762329948544584,0.3250336321341275,1.1216121282370035,-0.1391600037168245,6.7599998489022255,1.9616755802870407,168.3484056466633,34.87320746519301
20250718111120298597,2025-07-18 11:11:20.298597,61,-1.0718818441646851,0.6706533882024435,2.015929436141101,0.0697200018621515,11.119999751448631,2.379638238568518,147.96667151791897,57.90388412626694
20250718111120298597,2025-07-18 11:11:20.298597,62,-1.125497128184785,0.7041993168729096,2.016726222883627,0.0697200018621515,30.23999932408333,2.414503079621753,147.96667151791897,56.64241943250727
20250718111120298597,2025-07-18 11:11:20.298597,63,-1.1824404680613287,0.6392048393186371,1.642043443018042,0.0697200018621515,68.11999847739935,2.122040281398071,151.60518705144185,50.69673246472025
20250718111120298597,2025-07-18 11:11:20.298597,64,-1.233888935682255,0.632213415686684,1.5610608757173692,-0.4872000130126253,88.11999803036451,2.0878426105118155,152.87054854497634,48.39074861960604
20250718111120298597,2025-07-18 11:11:20.298597,65,-1.2864117715514445,0.5791386365233145,1.4409385879398835,-0.2088800055789761,63.63999857753515,2.016571551052527,155.76287197531047,45.60622600299283
20250718111120298597,2025-07-18 11:11:20.298597,66,-1.3389380485510582,0.5537177006522697,1.3680091693725935,-0.2088800055789761,41.51999907195568,1.992688504849879,157.5324638598867,43.35481554517239
20250718111120298597,2025-07-18 11:11:20.298597,67,-1.3925125110345975,0.57587341443766,1.3427215400591768,-0.2088800055789761,19.519999563694,2.0183216832266497,157.5324638598867,41.702763831407246
20250718111120298597,2025-07-18 11:11:20.298597,68,-1.4458752167494269,0.5979415562318039,1.3175338618497658,-0.2088800055789761,20.63999953866005,2.045479094051042,157.5324638598867,40.09972327494837
20250718111120298597,2025-07-18 11:11:20.298597,69,-1.499449679232966,0.6200972700171944,1.2922462325363488,-0.2088800055789761,13.23999970406294,2.0743120040965413,157.5324638598867,38.53377214668348
20250718111120298597,2025-07-18 11:11:20.298597,70,-1.5592871226497396,0.3704672365951732,1.1094382306124315,-0.1391600037168245,7.1199998408555984,1.949224330803464,166.63503222115074,34.69230389220992
20250718111120298597,2025-07-18 11:11:20.298597,71,-1.6123608611037568,0.8716116311844895,1.5118949680405975,0.1391600037168245,5.119999885559082,2.375971543689405,151.60518705144185,39.51847906836445
20250718111120298597,2025-07-18 11:11:20.298597,72,-1.05879476172582,0.6912348294060066,2.010414655591537,0.0697200018621515,11.639999739825726,2.374998741948977,146.86146355406143,57.83201951096419
20250718111120298597,2025-07-18 11:11:20.298597,73,-1.110510508455267,0.7264790046247175,1.9562404705426648,0.0697200018621515,32.63999927043915,2.363870155515967,146.8079015594486,55.84873176202677
20250718111120298597,2025-07-18 11:11:20.298597,74,-1.1680035261830677,0.6619091411991146,1.6359598436644556,0.0697200018621515,75.87999830394983,2.116298787615222,150.45971482637418,50.626654095349366
20250718111120298597,2025-07-18 11:11:20.298597,75,-1.2191575907202632,0.655908814938349,1.5547117126235523,-0.4872000130126253,97.87999781221151,2.0817516936209093,151.71967447994209,48.31640356975043
20250718111120298597,2025-07-18 11:11:20.298597,76,-1.2720734227446049,0.6038525290262939,1.4343165204018806,-0.2088800055789761,69.51999844610691,2.0099931717203376,154.6063346261862,45.52798691324487
20250718111120298597,2025-07-18 11:11:20.298597,77,-1.32470277158504,0.5794473523391944,1.361114929981548,-0.2088800055789761,42.87999904155731,1.985756913571413,156.37461973955132,43.27012978571288
20250718111120298597,2025-07-18 11:11:20.298597,78,-1.3777076428820534,0.6026325777293282,1.3355514438650418,-0.2088800055789761,18.519999586045746,2.0112041249476187,156.37461973955132,41.60991745441576
20250718111120298597,2025-07-18 11:11:20.298597,79,-1.4305030087589206,0.6257261619123863,1.3100889991956364,-0.2088800055789761,18.23999959230423,2.038186761212857,156.37461973955135,39.99881848778376
20250718111120298597,2025-07-18 11:11:20.298597,80,-1.4835078800559338,0.6489113873025202,1.2845255130791302,-0.2088800055789761,12.759999714791777,2.066854472987911,156.37461973955135,38.42488693717676
20250718111120298597,2025-07-18 11:11:20.298597,81,-1.5409379973460848,0.415389417465824,1.0974013685258956,-0.1391600037168245,7.639999829232693,1.9368345420944115,164.91343346165735,34.513146002698555
20250718111120298597,2025-07-18 11:11:20.298597,82,-1.5926748298258329,0.9025709299564488,1.5035994489364173,0.1391600037168245,5.359999880194664,2.3689784085139087,150.45971482637418,39.39801466218076
20250718111120298597,2025-07-18 11:11:20.298597,83,-1.0452841755182711,0.711559348300532,2.004968717167198,0.0697200018621515,11.9999997317791,2.370408249766666,145.75559240200838,57.76125864299557
20250718111120298597,2025-07-18 11:11:20.298597,84,-1.103324596071066,0.7371710959996753,1.953375533293345,0.0697200018621515,34.11999923735857,2.361444973557886,146.2516812905954,55.81166821657791
20250718111120298597,2025-07-18 11:11:20.298597,85,-1.1530993984883902,0.6843300206697362,1.629952187116707,0.0697200018621515,81.75999817252159,2.110613638795757,149.3121357343347,50.55768532919871
20250718111120298597,2025-07-18 11:11:20.298597,86,-1.2039385989989992,0.6793149065157433,1.5484400692874207,-0.4872000130126253,105.87999763339758,2.0757175965311365,150.5664045870496,48.24318754302935
20250718111120298597,2025-07-18 11:11:20.298597,87,-1.2572262615521648,0.6282845017595694,1.4277699930385004,-0.2088800055789761,74.35999833792448,2.0034686024265174,153.44693140705058,45.45085997521182
20250718111120298597,2025-07-18 11:11:20.298597,88,-1.309937631196542,0.6048968721736312,1.3542957516941507,-0.2088800055789761,43.239999033510685,1.978876905380189,155.21367252687733,43.18654848635303
20250718111120298597,2025-07-18 11:11:20.298597,89,-1.3623517100661808,0.6291004003501185,1.3284594121683908,-0.3480400092958007,17.11999961733818,2.0041391931249968,155.21367252687733,41.51819519673801
20250718111120298597,2025-07-18 11:11:20.298597,90,-1.4145586186636074,0.653208262407331,1.302725192561705,-0.2088800055789761,15.639999650418758,2.030948066063637,155.21367252687733,39.89905506915184
20250718111120298597,2025-07-18 11:11:20.298597,91,-1.466972697533246,0.6774117905838183,1.276888853035945,-0.2088800055789761,11.9999997317791,2.059451570767663,155.21367252687733,38.31715849585351
20250718111120298597,2025-07-18 11:11:20.298597,92,-1.5212021319170004,0.45975974781726,1.0855123743403263,-0.1391600037168245,7.879999823868275,1.92451865844626,163.1833723920093,34.33590142278171
20250718111120298597,2025-07-18 11:11:20.298597,93,-1.5723517498798372,0.9331437575164068,1.4954074844813905,0.1391600037168245,5.639999873936176,2.3620522522131013,149.3121357343347,39.27896272960565
20250718111120298597,2025-07-18 11:11:20.298597,94,-1.0313554895961412,0.7316188153498153,1.999593799170744,0.0697200018621515,12.23999972641468,2.365868888712148,144.64902583865037,57.6916221634412
20250718111120298597,2025-07-18 11:11:20.298597,95,-1.0886225063152206,0.7583443844679313,1.9477021677471644,0.0697200018621515,34.759999223053455,2.3566350801422526,145.13857832544244,55.73841440347571
20250718111120298597,2025-07-18 11:11:20.298597,96,-1.1377340464293884,0.7064585096780555,1.6240228763572069,-0.2088800055789761,84.35999811440706,2.1049875746029154,148.16242061989763,50.489847237478926
20250718111120298597,2025-07-18 11:11:20.298597,97,-1.188238047911963,0.7024223282947315,1.5422484542825754,-0.4872000130126253,110.35999753326178,2.0697432402425227,149.4107075887973,48.1711242908706
20250718111120298597,2025-07-18 11:11:20.298597,98,-1.241876226640377,0.6524247822602398,1.4213016243732848,-0.2088800055789761,77.99999825656414,1.9970009930513304,152.28462426902834,45.374871920038856
20250718111120298597,2025-07-18 11:11:20.298597,99,-1.2946485332445894,0.6300560806874239,1.3475543620906736,-0.2783200074336491,42.87999904155731,1.9720517863973968,154.04957926370835,43.104102435231134
20250718111120298597,2025-07-18 11:11:20.298597,100,-1.3464508547550875,0.6552662955243553,1.3214482816872166,-0.3480400092958007,15.239999659359457,1.9971302870606653,154.04957926370835,41.42763226056373
20250718111120298597,2025-07-18 11:11:20.298597,101,-1.3980484240066515,0.6803768652433544,1.2954453873723106,-0.2088800055789761,12.879999712109566,2.0237664950013508,154.04957926370835,39.80047258534554
20250718111120298597,2025-07-18 11:11:20.298597,102,-1.44985074551715,0.7055870800802859,1.2693393069688534,-0.2088800055789761,11.119999751448631,2.052106865655156,154.04957926370835,38.21063071415077
20250718111120298597,2025-07-18 11:11:20.298597,103,-1.5000972873084475,0.5035382973488568,1.0737819473475292,-0.1391600037168245,8.119999818503857,1.912289297866984,161.44462073570685,34.16073715910966
20250718111120298597,2025-07-18 11:11:20.298597,104,-1.5570649660290394,0.4149685259477298,0.9994947684808552,-0.1391600037168245,5.759999871253967,1.89621728137438,165.0771304595186,31.809673727377948
20250718111120298597,2025-07-18 11:11:20.298597,105,-1.0223473996265708,0.7421092979103487,1.944863929004011,0.0697200018621515,12.359999723732471,2.319141245786708,144.02456791332355,56.994031970225606
20250718111120298597,2025-07-18 11:11:20.298597,106,-1.0773675212314795,0.7682219456165329,1.8902981475219789,0.0697200018621515,34.35999923199415,2.307403913504599,144.50905400001665,55.00794550946418
20250718111120298597,2025-07-18 11:11:20.298597,107,-1.1219136159417429,0.7282857571239076,1.6181742830310966,-0.2088800055789761,83.23999813944101,2.099423329376004,147.01054272090323,50.42316015596904
20250718111120298597,2025-07-18 11:11:20.298597,108,-1.1720622174699706,0.7252218376151098,1.536139344172354,-0.4872000130126253,110.87999752163888,2.063831543534678,148.25255470016756,48.10023681874983
20250718111120298597,2025-07-18 11:11:20.298597,109,-1.2260294578182669,0.6762637147384026,1.414914001667341,-0.2088800055789761,79.75999821722507,1.9905934982874391,151.11937772308966,45.30004871136271
20250718111120298597,2025-07-18 11:11:20.298597,110,-1.2788415931642378,0.6549149145330683,1.340893457636954,-0.2783200074336491,41.51999907195568,1.9652848725867424,152.88229952985023,43.02282170267559
20250718111120298597,2025-07-18 11:11:20.298597,111,-1.3300114370786065,0.6811197972433113,1.314520856780106,-0.3480400092958007,13.119999706745148,1.9901808168773445,152.88229952985023,41.33826323003301
20250718111120298597,2025-07-18 11:11:20.298597,112,-1.3809790286454873,0.7072211033420513,1.288252495452336,-0.2088800055789761,10.639999762177467,2.016645546101285,152.88229952985023,39.70311008805302
20250718111120298597,2025-07-18 11:11:20.298597,113,-1.432148872559856,0.7334259860522941,1.261879894595488,-0.2088800055789761,10.119999773800371,2.04482393828309,152.88229952985023,38.10534707518312
20250718111120298597,2025-07-18 11:11:20.298597,114,-1.48527617595052,0.5323757512519386,1.0660549748624286,-0.1391600037168245,8.239999815821648,1.9041907648122336,160.28051658596675,34.0451988327311
20250718111120298597,2025-07-18 11:11:20.298597,115,-1.536573949938881,0.4597952728943458,0.987483477837195,-0.1391600037168245,5.879999868571758,1.88350599032979,163.34102544633245,31.61974859409092
20250718111120298597,2025-07-18 11:11:20.298597,116,-1.0075220560284746,0.7617169843780998,1.9396100652495345,0.0697200018621515,12.23999972641468,2.3146059411682183,142.9096226682693,56.92817537495171
20250718111120298597,2025-07-18 11:11:20.298597,117,-1.0617443155681991,0.788884867608178,1.88476153426105,0.0697200018621515,32.87999926507473,2.3025999146644263,143.3873436812753,54.938535572725854
20250718111120298597,2025-07-18 11:11:20.298597,118,-1.1138347167333371,0.7390836821434795,1.6152809877421703,-0.2088800055789761,78.63999824225903,2.0966652414662,146.43378503844596,50.39025439701228
20250718111120298597,2025-07-18 11:11:20.298597,119,-1.1637980870464395,0.7365032703487235,1.5331164933819164,-0.2088800055789761,107.2399976029992,2.0609001035777985,147.67254900638002,48.06524098368475
20250718111120298597,2025-07-18 11:11:20.298597,120,-1.213160805593649,0.7346878340869197,1.4602953446829463,-0.3480400092958007,79.51999822258949,2.035678719122113,148.8009836249815,45.83617181379526
20250718111120298597,2025-07-18 11:11:20.298597,121,-1.2625231335204803,0.6794634305089173,1.3343157026058423,-0.3480400092958007,39.35999912023544,1.9585794878671232,151.7117955746915,42.94273562367032
20250718111120298597,2025-07-18 11:11:20.298597,122,-1.313040032584324,0.7066505644514693,1.3076799083245327,-0.3480400092958007,11.519999742507936,1.9832942015859072,151.7117955746915,41.2501220521141
20250718111120298597,2025-07-18 11:11:20.298597,123,-1.4138741591742088,0.7609173733091322,1.254513599581207,-0.2088800055789761,9.119999796152117,2.0376063796814248,151.7117955746915,38.00135063196124
20250718111120298597,2025-07-18 11:11:20.298597,124,-1.461932506583239,0.5750807279474738,1.05461221084407,-0.1391600037168245,8.239999815821648,1.8921340895197585,158.52680086408705,33.873870647626575
20250718111120298597,2025-07-18 11:11:20.298597,125,-1.5147001210712197,0.5040081543460088,0.975636671957169,-0.1391600037168245,5.999999865889549,1.870884173883594,161.5954197592574,31.431866308380485
20250718111120298597,2025-07-18 11:11:20.298597,126,-1.0456964263540782,0.8092418601240547,1.8793068945560945,0.0697200018621515,30.63999931514263,2.2978572210197923,142.26448674995626,54.8703352466466
20250718111120298597,2025-07-18 11:11:20.298597,127,-1.0973435897223331,0.7604427359666153,1.6095578465191682,-0.2088800055789761,71.8799983933568,2.0911988355678925,145.27861821812232,50.32533034348508
20250718111120298597,2025-07-18 11:11:20.298597,128,-1.1469215277422613,0.7588238514065031,1.527135711712891,-0.2088800055789761,100.3599977567792,2.055087859496737,146.51066399385218,47.99615866803201
20250718111120298597,2025-07-18 11:11:20.298597,129,-1.1959325184063996,0.7579586638621783,1.4540599446374636,-0.3480400092958007,77.35999827086926,2.029543359306402,147.6342757237497,45.76189950599631
20250718111120298597,2025-07-18 11:11:20.298597,130,-1.2456996814793062,0.7036918095363287,1.3278237280115326,-0.3480400092958007,36.999999172985554,1.951938962139084,150.5380324490066,42.86387278119064
20250718111120298597,2025-07-18 11:11:20.298597,131,-1.445637803226966,0.6031666360628323,1.047086614445865,-0.1391600037168245,8.119999818503857,1.8841626859509624,157.3525313862316,33.76104246786596
20250718111120298597,2025-07-18 11:11:20.298597,132,-1.4993590094598508,0.5331226997479663,0.9678354530287152,-0.1391600037168245,5.999999865889549,1.862525896833192,160.4262881499706,31.307836324152483
20250718111120298597,2025-07-18 11:11:20.298597,133,-1.0851978323086484,0.7994588722090411,1.656354310076941,-0.2088800055789761,64.11999856680632,2.135485524210268,143.6211435480523,50.86251166772729
20250718111120298597,2025-07-18 11:11:20.298597,134,-1.1295862151395764,0.7808139601494469,1.5212434798337466,-0.2088800055789761,91.75999794900416,2.049345549860809,145.3462626467149,47.928306339043615
20250718111120298597,2025-07-18 11:11:20.298597,135,-1.178225874178725,0.7808920368714127,1.4479149658599175,-0.3480400092958007,73.51999835669994,2.0234787698897487,146.46480148464576,45.68888895700555
20250718111120348553,2025-07-18 11:11:20.348553,1,-1.28041333679987,0.4796895836804082,2.2555792911356,0.1391600037168245,23.51999947428704,2.6376501565496207,159.46221576819767,58.77600669384758
20250718111120348553,2025-07-18 11:11:20.348553,2,1.3142783602200243,0.5366399076940533,2.3154889296422265,0.2783200074336491,37.87999915331602,2.716026322031549,22.21094304036277,58.48772032760704
20250718111120348553,2025-07-18 11:11:20.348553,3,1.3714405443588702,0.5599800996566794,2.329210555772445,0.4174800111504737,34.23999923467636,2.76037111487652,22.21094304036277,57.5439567658353
20250718111120348553,2025-07-18 11:11:20.348553,4,1.378547589046634,0.6733670129880488,2.38072852588654,0.2783200074336491,13.879999689757824,2.832257916118628,26.033714423964675,57.20101238486466
20250718111120348553,2025-07-18 11:11:20.348553,5,-1.208798994795036,0.5461080364669566,2.059086653798804,0.1391600037168245,15.999999642372131,2.4493400836069377,155.6876240720717,57.21093452624514
20250718111120348553,2025-07-18 11:11:20.348553,6,-1.2635055487411682,0.5288408752925317,2.2424092422411848,0.3480400092958007,27.87999937683344,2.627644982254752,157.28822787004827,58.58245914013937
20250718111120348553,2025-07-18 11:11:20.348553,7,-1.3227489269265025,0.5111673315590587,2.3223142858467383,0.2783200074336491,46.23999896645546,2.72104766712865,158.87131428344193,58.59037775074771
20250718111120348553,2025-07-18 11:11:20.348553,8,-1.38027952319819,0.5333996394298584,2.3363327686246693,0.4174800111504737,40.639999091625214,2.765526630364195,158.87131428344193,57.65112838805409
20250718111120348553,2025-07-18 11:11:20.348553,9,-1.437506581676406,0.5442561042512847,2.368959239608795,0.2783200074336491,14.6399996727705,2.823934800647078,159.2627725652208,57.02266543163279
20250718111120348553,2025-07-18 11:11:20.348553,10,-1.4986096944951297,0.4740769012821793,1.5181739608717155,-0.1391600037168245,6.11999986320734,2.1852762068518965,162.44552041333185,44.005597037503065
20250718111120348553,2025-07-18 11:11:20.348553,11,-1.1360654355462432,0.5532357392861615,2.04739140034538,-0.2783200074336491,12.639999717473984,2.4059355775403866,154.0350645111562,58.31789150752204
20250718111120348553,2025-07-18 11:11:20.348553,12,-1.1928911680874057,0.580908464086359,2.0497619073219275,0.1391600037168245,18.879999577999115,2.441714123163507,154.0350645111562,57.08489267687912
20250718111120348553,2025-07-18 11:11:20.348553,13,-1.2494966025602172,0.5652542107116214,2.232652318421916,0.3480400092958007,33.639999248087406,2.6202080943107364,155.65869127875126,58.43968891214833
20250718111120348553,2025-07-18 11:11:20.348553,14,-1.30984572170562,0.5493135591353062,2.312093034973389,0.2783200074336491,57.2399987205863,2.713524535229573,157.24815251253315,58.43673352376597
20250718111120348553,2025-07-18 11:11:20.348553,15,-1.3668151161686637,0.5732049688759341,2.3256669627451387,0.2783200074336491,48.63999891281128,2.75780244392803,157.24815251253315,57.49071997537578
20250718111120348553,2025-07-18 11:11:20.348553,16,-1.419152624825228,0.5994498804731854,2.3541701118429126,0.2783200074336491,15.239999659359457,2.8134411753655204,157.10081054922938,56.79936544447262
20250718111120348553,2025-07-18 11:11:20.348553,17,-1.480459126503339,0.5172435305504404,1.5066074974193115,-0.1391600037168245,6.519999854266644,2.174664628494104,160.7415816975017,43.85215812528192
20250718111120348553,2025-07-18 11:11:20.348553,18,-1.125396548588533,0.5750805123182992,2.041538111052577,-0.2783200074336491,14.759999670088291,2.401064940001288,152.93285147745812,58.24035115959275
20250718111120348553,2025-07-18 11:11:20.348553,19,-1.1816886258508703,0.6038459076556913,2.0436158378410907,0.1391600037168245,22.51999949663877,2.436674697478674,152.93285147745812,57.00209333911903
20250718111120348553,2025-07-18 11:11:20.348553,20,-1.2362201030937778,0.6164677244519539,2.163121381859263,0.1391600037168245,41.11999908089638,2.566586587520649,153.49587545315202,57.43707613010714
20250718111120348553,2025-07-18 11:11:20.348553,21,-1.295763743799828,0.5870687721141216,2.3019765561456507,0.2783200074336491,72.11999838799238,2.706057923988679,155.62625255789197,58.28519163499575
20250718111120348553,2025-07-18 11:11:20.348553,22,-1.3521206678468205,0.6126022772447512,2.3151104857837543,0.2783200074336491,58.35999869555235,2.750136071522621,155.62625255789197,57.33245931903256
20250718111120348553,2025-07-18 11:11:20.348553,23,-1.4038955028782911,0.6403557739779192,2.343209410712645,0.2783200074336491,15.639999650418758,2.80563868713009,155.48095234430906,56.6344405656657
20250718111120348553,2025-07-18 11:11:20.348553,24,-1.460976245285244,0.5598648521243378,1.4951871487232389,-0.1391600037168245,6.7599998489022255,2.164136052016856,159.0325262202937,43.70086479746568
20250718111120348553,2025-07-18 11:11:20.348553,25,-1.108550581760118,0.6074503477853213,2.03286463978006,-0.2783200074336491,17.359999611973763,2.393829350854676,151.27866468364542,58.1258853404881
20250718111120348553,2025-07-18 11:11:20.348553,26,-1.1700134239407614,0.6265623618244159,2.0375289822916822,0.0697200018621515,27.119999393820763,2.431673530541292,151.8301828441994,56.92030814755677
20250718111120348553,2025-07-18 11:11:20.348553,27,-1.2212314883483788,0.5650790207842357,1.6476357907792436,-0.1391600037168245,51.11999885737896,2.1273044791286484,155.16943167791544,50.76136088280861
20250718111120348553,2025-07-18 11:11:20.348553,28,-1.2805156660381694,0.624398993353743,2.291973953511219,0.2783200074336491,92.23999793827534,2.698655049732031,154.00543033459388,58.135865107633
20250718111120348553,2025-07-18 11:11:20.348553,29,-1.3362094022437143,0.6515561096196013,2.304672837856816,0.2783200074336491,69.75999844074249,2.7425349259730725,154.00543033459388,57.17646563779319
20250718111120348553,2025-07-18 11:11:20.348553,30,-1.387374969795342,0.6808012100927395,2.332372088768155,0.2783200074336491,15.639999650418758,2.7979026350005625,153.8622702187124,56.471840548350585
20250718111120348553,2025-07-18 11:11:20.348553,31,-1.447256093328193,0.5879571551599067,1.4876598388113276,-0.1391600037168245,6.8799998462200165,2.157168424576871,157.890233348161,43.60125929379687
20250718111120348553,2025-07-18 11:11:20.348553,32,-1.0967647305930135,0.6287527675476782,2.027156673607908,-0.2088800055789761,20.51999954134226,2.389055691340139,150.17523553815653,58.050839132787495
20250718111120348553,2025-07-18 11:11:20.348553,33,-1.1516246508856258,0.6602028367824672,2.028515044193673,0.0697200018621515,33.2399992570281,2.424248421004563,150.17523553815653,56.79958902774244
20250718111120348553,2025-07-18 11:11:20.348553,34,-1.2082476400702045,0.5885467688688554,1.6413476266317928,-0.1391600037168245,64.63999855518341,2.1213843806182338,154.0289287414661,50.68870516010168
20250718111120348553,2025-07-18 11:11:20.348553,35,-1.261865313372252,0.5839927174621078,1.573981572865109,-0.1391600037168245,118.99999734014273,2.1001832193548617,155.16524618986904,48.54272710298285
20250718111120348553,2025-07-18 11:11:20.348553,36,-1.31909563842377,0.6900314101822187,2.294363412142518,0.2783200074336491,81.99999816715717,2.735006419978742,152.3855083552355,57.02285563751177
20250718111120348553,2025-07-18 11:11:20.348553,37,-1.374076066186738,0.7187921921881661,2.3066325955481286,0.2783200074336491,15.119999662041664,2.779442602764624,152.38550835523552,56.08747598718216
20250718111120348553,2025-07-18 11:11:20.348553,38,-1.4298312223449317,0.6100850612847732,1.465102673075569,-0.1391600037168245,6.7599998489022255,2.1361523702789613,156.89286836093063,43.3033233988381
20250718111120348553,2025-07-18 11:11:20.348553,39,-1.0839192458411506,0.6504950712606407,1.969411887050002,-0.2088800055789761,24.35999945551157,2.3402153640409007,149.03066538178442,57.30432486624959
20250718111120348553,2025-07-18 11:11:20.348553,40,-1.1387886396611338,0.6823272672760126,2.022586820909929,-0.2088800055789761,41.11999908089638,2.4193527054995805,149.07125027761722,56.720452559317295
20250718111120348553,2025-07-18 11:11:20.348553,41,-1.1947805088673595,0.6117590116001707,1.6351279249374215,-0.1391600037168245,82.63999815285206,2.115512439942985,152.88636088376987,50.61708957313197
20250718111120348553,2025-07-18 11:11:20.348553,42,-1.24812674154367,0.6082381866040906,1.567485018988401,-0.1391600037168245,152.11999659985304,2.093987425786726,154.01906045664947,48.466198203336845
20250718111120348553,2025-07-18 11:11:20.348553,43,-1.3070259694035369,0.7153986420349918,2.287566282853354,0.2783200074336491,93.1199979186058,2.7300314284213427,151.30597596793717,56.92182972030135
20250718111120348553,2025-07-18 11:11:20.348553,44,-1.361503328589549,0.7452167402944404,2.299552159222695,0.2783200074336491,13.999999687075617,2.774343063999341,151.30597596793717,55.982185237148734
20250718111120348553,2025-07-18 11:11:20.348553,45,-1.4073589657734726,0.6511958728748886,1.4540870643098096,-0.1391600037168245,6.519999854266644,2.1258138474441703,155.16965466878807,43.15813641658647
20250718111120348553,2025-07-18 11:11:20.348553,46,-1.070978382316348,0.6713104773673242,1.9638344157935903,-0.2088800055789761,28.879999354481697,2.3354438689609816,147.9196988491362,57.2334514248106
20250718111120348553,2025-07-18 11:11:20.348553,47,-1.1245484753819934,0.7048892734871212,1.9620254215657884,-0.2088800055789761,51.11999885737896,2.368759573327689,147.9196988491362,55.92371807343913
20250718111120348553,2025-07-18 11:11:20.348553,48,-1.1808354814125248,0.6347064643909969,1.6289791734937684,-0.1391600037168245,105.87999763339758,2.109691417667264,151.74169206862206,50.54653711826376
20250718111120348553,2025-07-18 11:11:20.348553,49,-1.233888935682255,0.632213415686684,1.5610608757173692,-0.1391600037168245,187.6399958059192,2.0878426105118155,152.87054854497634,48.39074861960604
20250718111120348553,2025-07-18 11:11:20.348553,50,-1.2879427950065256,0.7529996715333515,2.27749111736469,0.2783200074336491,99.63999777287243,2.7226404349846898,149.68717882316233,56.77244494893343
20250718111120348553,2025-07-18 11:11:20.348553,51,-1.3416247599384286,0.7843849955692554,2.2890570568528723,0.2783200074336491,12.639999717473984,2.766766890665341,149.68717882316233,55.82645853099566
20250718111120348553,2025-07-18 11:11:20.348553,52,-1.3916725392388676,0.6782333417183856,1.446842396367813,-0.1391600037168245,6.11999986320734,2.1189869849098653,154.01765334697848,43.06276334762632
20250718111120348553,2025-07-18 11:11:20.348553,53,-1.0058340905679248,0.6566594217666789,2.0098937169073423,-0.0697200018621515,5.639999873936176,2.341490244952382,146.8614635540614,59.135426874486
20250718111120348553,2025-07-18 11:11:20.348553,54,-1.0576091417372888,0.6918717389176843,1.9583250423658063,-0.2088800055789761,33.7599992454052,2.3307210410849906,146.8079015594486,57.16365800496638
20250718111120348553,2025-07-18 11:11:20.348553,55,-1.110510508455267,0.7264790046247175,1.9562404705426648,-0.2088800055789761,63.23999858647585,2.363870155515967,146.8079015594486,55.84873176202677
20250718111120348553,2025-07-18 11:11:20.348553,56,-1.166418135530502,0.6573799485665895,1.6229038317193183,-0.1391600037168245,133.51999701559544,2.1039240743622645,150.59488842193414,50.4770700628014
20250718111120348553,2025-07-18 11:11:20.348553,57,-1.2191575907202632,0.655908814938349,1.5547117126235523,-0.0697200018621515,213.63999522477388,2.0817516936209093,151.71967447994209,48.31640356975043
20250718111120348553,2025-07-18 11:11:20.348553,58,-1.2721826672979195,0.6844363944775276,1.5353446958268804,-0.0697200018621515,99.11999778449535,2.1081236330116844,151.71967447994209,46.74399649132874
20250718111120348553,2025-07-18 11:11:20.348553,59,-1.3277004696176873,0.8101695562639253,2.2821481046375443,0.2783200074336491,11.119999751448631,2.76176813263182,148.60824652157373,55.72416383014314
20250718111120348553,2025-07-18 11:11:20.348553,60,-1.3754294622688363,0.7049623849672976,1.4396803708148105,-0.1391600037168245,5.639999873936176,2.1122163099468274,152.86305296152955,42.96856727009967
20250718111120348553,2025-07-18 11:11:20.348553,61,-0.9929993007839644,0.6759673128873184,2.004720183074019,-0.0697200018621515,5.759999871253967,2.337067057633108,145.75559240200838,59.0696969506875
20250718111120348553,2025-07-18 11:11:20.348553,62,-1.0507655445165605,0.7020544913512253,1.955596582074513,-0.2088800055789761,38.75999913364649,2.3283785624745663,146.2516812905954,57.12917270226328
20250718111120348553,2025-07-18 11:11:20.348553,63,-1.103324596071066,0.7371710959996753,1.953375533293345,-0.2088800055789761,76.359998293221,2.361444973557886,146.2516812905954,55.81166821657791
20250718111120348553,2025-07-18 11:11:20.348553,64,-1.1515342379671571,0.679770395035993,1.6169043296696697,-0.1391600037168245,159.9999964237213,2.098213168980339,149.44591831952877,50.40870993825301
20250718111120348553,2025-07-18 11:11:20.348553,65,-1.2039385989989992,0.6793149065157433,1.5484400692874207,-0.0697200018621515,216.1199951693416,2.0757175965311365,150.5664045870496,48.24318754302935
20250718111120348553,2025-07-18 11:11:20.348553,66,-1.256301752780458,0.7088604921008359,1.528800278592856,-0.0697200018621515,91.63999795168638,2.101905702719864,150.5664045870496,46.66386527221139
20250718111120348553,2025-07-18 11:11:20.348553,67,-1.3132451168352757,0.8356799815246722,2.2753126067903526,0.2783200074336491,10.119999773800371,2.756813600342229,147.52947401649635,55.623127067589614
20250718111120348553,2025-07-18 11:11:20.348553,68,-1.3586362318773058,0.731372311361186,1.4326038523654026,-0.1391600037168245,5.119999885559082,2.1055050857710507,151.70581730260196,42.875583889007125
20250718111120348553,2025-07-18 11:11:20.348553,69,-0.9849051295132056,0.6860939121386573,1.9526847893099464,-0.0697200018621515,5.759999871253967,2.292104023995766,145.13857832544244,58.42090390176491
20250718111120348553,2025-07-18 11:11:20.348553,70,-1.0367638179142131,0.7222191483032943,1.9501934785285555,-0.2088800055789761,42.87999904155731,2.3237328409279967,145.13857832544244,57.06103738261098
20250718111120348553,2025-07-18 11:11:20.348553,71,-1.0886225063152206,0.7583443844679313,1.9477021677471644,-0.2088800055789761,87.75999803841114,2.3566350801422526,145.13857832544244,55.73841440347571
20250718111120348553,2025-07-18 11:11:20.348553,72,-1.1377340464293884,0.7064585096780555,1.6240228763572069,-0.1391600037168245,174.6399960964918,2.1049875746029154,148.16242061989763,50.489847237478926
20250718111120348553,2025-07-18 11:11:20.348553,73,-1.188238047911963,0.7024223282947315,1.5422484542825754,-0.0697200018621515,193.8799956664443,2.0697432402425227,149.4107075887973,48.1711242908706
20250718111120348553,2025-07-18 11:11:20.348553,74,-1.2399183343348144,0.7329729298176072,1.5223393703791013,-0.0697200018621515,79.87999821454287,2.0957490189121564,149.41070758879724,46.58493039238473
20250718111120348553,2025-07-18 11:11:20.348553,75,-1.298264483539312,0.860906067521982,2.268553297419176,0.2783200074336491,8.999999798834324,2.751905519734857,146.45081773141655,55.52338148238556
20250718111120348553,2025-07-18 11:11:20.348553,76,-0.9712098171620548,0.704989161023967,1.9476218226303423,-0.0697200018621515,5.879999868571758,2.2876820124525974,144.02456791332355,58.358986431491154
20250718111120348553,2025-07-18 11:11:20.348553,77,-1.0223473996265708,0.7421092979103487,1.944863929004011,-0.2088800055789761,45.11999899148941,2.319141245786708,144.02456791332355,56.994031970225606
20250718111120348553,2025-07-18 11:11:20.348553,78,-1.073484982091087,0.7792294347967302,1.94210603537768,-0.2088800055789761,92.87999792397022,2.351881028342876,144.02456791332355,55.66634327210492
20250718111120348553,2025-07-18 11:11:20.348553,79,-1.1219136159417429,0.7282857571239076,1.6181742830310966,-0.1391600037168245,168.99999622255564,2.099423329376004,147.01054272090323,50.42316015596904
20250718111120348553,2025-07-18 11:11:20.348553,80,-1.1720622174699706,0.7252218376151098,1.536139344172354,-0.0697200018621515,159.35999643802643,2.063831543534678,148.25255470016756,48.10023681874983
20250718111120348553,2025-07-18 11:11:20.348553,81,-1.2230389651096307,0.7567640629746806,1.5159645554626422,-0.0697200018621515,66.9999985024333,2.0896565963347733,148.25255470016756,46.507218741874375
20250718111120348553,2025-07-18 11:11:20.348553,82,-1.2827645617831085,0.8858377241582505,2.261872880157517,0.2783200074336491,7.879999823868275,2.747046108186126,145.37223564428444,55.42495979282938
20250718111120348553,2025-07-18 11:11:20.348553,83,-0.9571260338506962,0.7236160755114214,1.9426307559359453,-0.0697200018621515,5.759999871253967,2.283314416220766,142.9096226682693,58.29816077843465
20250718111120348553,2025-07-18 11:11:20.348553,84,-1.0075220560284746,0.7617169843780998,1.9396100652495345,-0.2088800055789761,44.87999899685383,2.3146059411682183,142.9096226682693,56.92817537495171
20250718111120348553,2025-07-18 11:11:20.348553,85,-1.0579180782062532,0.7998178932447781,1.9365893745631235,-0.2088800055789761,89.51999799907207,2.3471850647575527,142.9096226682693,55.59547627757282
20250718111120348553,2025-07-18 11:11:20.348553,86,-1.112322608138102,0.8264649601528719,1.8792719217903373,0.0697200018621515,146.63999672234058,2.3349451537381314,143.3873436812753,53.595412386514994
20250718111120348553,2025-07-18 11:11:20.348553,87,-1.1637980870464395,0.7365032703487235,1.5331164933819164,-0.0697200018621515,125.63999719172716,2.0609001035777985,147.67254900638002,48.06524098368475
20250718111120348553,2025-07-18 11:11:20.348553,88,-1.214415401129773,0.7685361614262939,1.5128102311893128,-0.0697200018621515,55.35999876260757,2.086635424196597,147.67254900638005,46.46882983846525
20250718111120348553,2025-07-18 11:11:20.348553,89,-1.2667515513284269,0.9104649791036864,2.255274027083092,0.2783200074336491,6.7599998489022255,2.74223757326072,144.29368731327563,55.327894191823695
20250718111120348553,2025-07-18 11:11:20.348553,90,-0.9999578840192708,0.7714124485563036,1.93701217345274,-0.2088800055789761,42.11999905854464,2.3123600705132485,142.35179145449698,56.89568363040242
20250718111120348553,2025-07-18 11:11:20.348553,91,-1.0456964263540782,0.8092418601240547,1.8793068945560945,-0.2088800055789761,79.11999823153019,2.2978572210197923,142.26448674995626,54.8703352466466
20250718111120348553,2025-07-18 11:11:20.348553,92,-1.0955102459488026,0.8477916983110979,1.8735574395236507,0.0697200018621515,118.75999734550714,2.330045266062108,142.26448674995626,53.52210476707016
20250718111120348553,2025-07-18 11:11:20.348553,93,-1.1469215277422613,0.7588238514065031,1.527135711712891,-0.0697200018621515,97.87999781221151,2.055087859496737,146.51066399385218,47.99615866803201
20250718111120348553,2025-07-18 11:11:20.348553,94,-1.1968048260951565,0.7918275361934802,1.5065693261298343,-0.0697200018621515,45.639998979866505,2.0806450377885697,146.51066399385218,46.39300190812768
20250718111120348553,2025-07-18 11:11:20.348553,95,-0.9845303215592284,0.7905817712068465,1.9318757689290755,-0.2088800055789761,37.87999915331602,2.3079132300867333,141.23539686319376,56.83158441658399
20250718111120348553,2025-07-18 11:11:20.348553,96,-1.0375152247689343,0.8193030834200642,1.8766109978990595,-0.2088800055789761,65.99999852478504,2.2955095777549395,141.70262126501373,54.83669486059024
20250718111120348553,2025-07-18 11:11:20.348553,97,-1.086939316628573,0.8583322078985572,1.8707331184918785,0.0697200018621515,93.3599979132414,2.3276197408020387,141.70262126501373,53.4859329466809
20250718111120348553,2025-07-18 11:11:20.348553,98,-1.1295862151395764,0.7808139601494469,1.5212434798337466,-0.0697200018621515,76.7599982842803,2.049345549860809,145.3462626467149,47.928306339043615
20250718111120348553,2025-07-18 11:11:20.348553,99,-0.9697304057920731,0.8070101456142582,1.914454884119129,-0.2088800055789761,32.99999926239252,2.292766873969003,140.2327551760309,56.61559042440262
20250718111120348553,2025-07-18 11:11:20.348553,100,-1.0208423981271932,0.8391859536193347,1.8712833988859523,-0.2088800055789761,53.51999880373478,2.290863118021728,140.5780033212761,54.77034565515079
20250718111120348553,2025-07-18 11:11:20.348553,101,-1.0716154062251806,0.866491830690979,1.81101980979353,0.0697200018621515,73.11999836564064,2.2757329419283705,141.04152593260008,52.73053112686573
20250718111120348553,2025-07-18 11:11:20.348553,102,-1.1207486861006015,0.7916823334709843,1.518331307979201,-0.3480400092958007,61.11999863386154,2.0465015258523795,144.763112194281,47.894847807849125
20250718111120348553,2025-07-18 11:11:20.348553,103,-1.0037612481555045,0.8587427745800037,1.8660431645030209,-0.2088800055789761,42.9999990388751,2.2862836411916407,139.45218704822747,54.705254112269
20250718111120348553,2025-07-18 11:11:20.348553,104,-1.0536847016430773,0.8870213371815875,1.8055189451083613,0.0697200018621515,57.759998708963394,2.270893428639328,139.9083867946997,52.66185562449315
20250718111120348553,2025-07-18 11:11:20.348553,105,-0.9950696806878542,0.868396466894571,1.863456465443354,-0.2088800055789761,34.759999223053455,2.284019722275147,138.88882415627515,54.673185662332685
20250718111120348553,2025-07-18 11:11:20.348553,106,-1.0445608470503736,0.8971551692307135,1.8028035929945656,0.0697200018621515,46.23999896645546,2.268500728627192,139.34129114131144,52.62801359407343
20250718111120402969,2025-07-18 11:11:20.402969,1,-1.28041333679987,0.4796895836804082,2.2555792911356,0.0697200018621515,26.99999939650297,2.6376501565496207,159.46221576819767,58.77600669384758
20250718111120402969,2025-07-18 11:11:20.402969,2,1.2584146809279877,0.6333753150728897,2.3606542173336456,-0.0697200018621515,41.63999906927347,2.749083507777437,26.71666468877704,59.17159003642398
20250718111120402969,2025-07-18 11:11:20.402969,3,1.3131471743566931,0.6609228403803404,2.376340226786183,-0.0697200018621515,25.23999943584204,2.7943098210290844,26.71666468877704,58.257507715938026
20250718111120402969,2025-07-18 11:11:20.402969,4,-1.15136343300418,0.5206007869984965,1.9520680940244155,-0.2088800055789761,11.9999997317791,2.325345733002028,155.66940764851452,57.08465366943428
20250718111120402969,2025-07-18 11:11:20.402969,5,-1.204597625569929,0.5584471251047164,2.0012644769627324,0.0697200018621515,18.11999959498644,2.4016615368988514,155.12773064911383,56.43750566104229
20250718111120402969,2025-07-18 11:11:20.402969,6,-1.2635055487411682,0.5288408752925317,2.2424092422411848,0.0697200018621515,32.35999927669764,2.627644982254752,157.28822787004827,58.58245914013937
20250718111120402969,2025-07-18 11:11:20.402969,7,-1.3227489269265025,0.5111673315590587,2.3223142858467383,0.0697200018621515,49.99999888241291,2.72104766712865,158.87131428344193,58.59037775074771
20250718111120402969,2025-07-18 11:11:20.402969,8,1.3482133414733664,0.5818961462789936,2.382784703944316,-0.0697200018621515,28.879999354481697,2.7989185919801463,23.345288159117853,58.35589538257207
20250718111120402969,2025-07-18 11:11:20.402969,9,-1.4378101194698771,0.5556319473006581,2.3503512514026004,-0.1391600037168245,10.119999773800371,2.8107251387285936,158.87131428344193,56.74184876354696
20250718111120402969,2025-07-18 11:11:20.402969,10,-1.1353896542198303,0.5537357793989628,1.943189599569499,-0.2088800055789761,13.999999687075617,2.317696874090974,154.00125379954255,56.97302314886242
20250718111120402969,2025-07-18 11:11:20.402969,11,-1.192181584334029,0.5814335160909235,1.9403479563688435,-0.2088800055789761,21.7599995136261,2.3503855120902606,154.00125379954258,55.643739510045705
20250718111120402969,2025-07-18 11:11:20.402969,12,-1.252258651215349,0.5804097324136216,2.172783091706622,0.0697200018621515,39.23999912291765,2.57410441719646,155.13273483765389,57.57487039350379
20250718111120402969,2025-07-18 11:11:20.402969,13,-1.30984572170562,0.5493135591353062,2.312093034973389,0.0697200018621515,60.75999864190817,2.713524535229573,157.24815251253315,58.43673352376597
20250718111120402969,2025-07-18 11:11:20.402969,14,-1.3656498377759627,0.5294613452808796,2.396834566527047,-0.0697200018621515,33.2399992570281,2.808940144407326,158.8087280455915,58.57109818988447
20250718111120402969,2025-07-18 11:11:20.402969,15,-1.4237845106317064,0.597096378616562,2.3392408905168884,-0.1391600037168245,10.639999762177467,2.8028082991774563,157.24815251253315,56.57484440096158
20250718111120402969,2025-07-18 11:11:20.402969,16,-1.1241718907839506,0.5755621949872125,1.9373412291389616,-0.2088800055789761,16.639999628067017,2.312644658923831,152.8881113664327,56.8997964600089
20250718111120402969,2025-07-18 11:11:20.402969,17,-1.1804027109437647,0.6043516839812347,1.9342070517906336,-0.2088800055789761,26.6399994045496,2.3451542459145323,152.88811136643272,55.56492851693147
20250718111120402969,2025-07-18 11:11:20.402969,18,-1.2362201030937778,0.6164677244519539,2.163121381859263,0.0697200018621515,48.51999891549349,2.566586587520649,153.49587545315202,57.43707613010714
20250718111120402969,2025-07-18 11:11:20.402969,19,-1.295763743799828,0.5870687721141216,2.3019765561456507,0.0697200018621515,74.63999833166599,2.706057923988679,155.62625255789197,58.28519163499575
20250718111120402969,2025-07-18 11:11:20.402969,20,-1.347721920365527,0.6147334410953613,2.329476691922467,-0.0697200018621515,38.519999139010906,2.76056393449685,155.48095234430906,57.54795731993752
20250718111120402969,2025-07-18 11:11:20.402969,21,-1.4086196025010502,0.6696847711586849,2.257067933819826,-0.1391600037168245,11.119999751448631,2.7435456138270737,154.5726893308544,55.35426649294473
20250718111120402969,2025-07-18 11:11:20.402969,22,-1.0586234962766552,0.5675177646689306,1.984457172266053,-0.1391600037168245,8.999999798834324,2.3196616970243764,151.8046736166579,58.81437694629222
20250718111120402969,2025-07-18 11:11:20.402969,23,-1.1125044736006162,0.5971675493416527,1.931552091887501,-0.2088800055789761,19.999999552965164,2.307632719789499,151.77409020374498,56.8275514336765
20250718111120402969,2025-07-18 11:11:20.402969,24,-1.1681516922287216,0.6270377332055194,1.928128343221534,-0.2088800055789761,32.99999926239252,2.3399644447842705,151.77409020374498,55.48713528640002
20250718111120402969,2025-07-18 11:11:20.402969,25,-1.2234956887354715,0.6546894548751772,2.096546367745214,0.0697200018621515,60.75999864190817,2.51417315529076,151.84887682862944,56.50053756321491
20250718111120402969,2025-07-18 11:11:20.402969,26,-1.2805156660381694,0.624398993353743,2.291973953511219,0.0697200018621515,92.75999792665245,2.698655049732031,154.00543033459388,58.135865107633
20250718111120402969,2025-07-18 11:11:20.402969,27,-1.3362094022437143,0.6515561096196013,2.304672837856816,-0.0697200018621515,44.519999004900455,2.7425349259730725,154.00543033459388,57.17646563779319
20250718111120402969,2025-07-18 11:11:20.402969,28,-1.390578430848712,0.710245077420276,2.2461998325122736,-0.1391600037168245,11.359999746084211,2.7356114727642824,152.9440933888264,55.194665664556005
20250718111120402969,2025-07-18 11:11:20.402969,29,-1.0415835512550795,0.597949709835275,1.9763029571346231,-0.1391600037168245,9.759999781847,2.3126204894267213,150.1408350122968,58.71259018245889
20250718111120402969,2025-07-18 11:11:20.402969,30,-1.1003920694809288,0.6185432006089955,1.925824503392728,-0.2088800055789761,24.119999460875988,2.302663330898372,150.659152007077,56.75631029803157
20250718111120402969,2025-07-18 11:11:20.402969,31,-1.155433428432822,0.6494825896469701,1.9221142620638143,-0.2088800055789761,41.51999907195568,2.334818467937857,150.659152007077,55.41038465736722
20250718111120402969,2025-07-18 11:11:20.402969,32,-1.2111039395992491,0.6782066648385566,2.090244950327293,0.0697200018621515,77.35999827086926,2.509155432633261,150.7515893212805,56.41304528454528
20250718111120402969,2025-07-18 11:11:20.402969,33,-1.2641152106608025,0.6612706281762711,2.282094228736907,0.0697200018621515,115.75999741256236,2.691323127821508,152.38550835523552,57.988864404767725
20250718111120402969,2025-07-18 11:11:20.402969,34,-1.31909563842377,0.6900314101822187,2.294363412142518,-0.0697200018621515,51.11999885737896,2.735006419978742,152.3855083552355,57.02285563751177
20250718111120402969,2025-07-18 11:11:20.402969,35,-1.3778546973163392,0.7369869787936717,2.2390343616352,-0.1391600037168245,12.759999714791777,2.730367785923953,151.85856265064157,55.08966207574785
20250718111120402969,2025-07-18 11:11:20.402969,36,-1.0297018537498477,0.6179574569805018,1.9709418974446933,-0.1391600037168245,10.639999762177467,2.3079794820051087,149.03066538178442,58.64597104113105
20250718111120402969,2025-07-18 11:11:20.402969,37,-1.0878395232248226,0.639680598814121,1.9201607546135688,-0.2088800055789761,29.23999934643507,2.297738762424343,149.5432601698094,56.68609466654716
20250718111120402969,2025-07-18 11:11:20.402969,38,-1.142253006691782,0.6716772756626723,1.9161672138696448,-0.1391600037168245,52.63999882340431,2.329718670880028,149.54326016980943,55.33470086931384
20250718111120402969,2025-07-18 11:11:20.402969,39,-1.1981051277420856,0.6613156393595098,1.7508275460238831,-0.2088800055789761,99.11999778449535,2.222204168815136,151.1027095892468,51.98772125442378
20250718111120402969,2025-07-18 11:11:20.402969,40,-1.249084043146376,0.7144759335730447,2.2101343781996268,0.0697200018621515,143.2399967983365,2.6373055902185136,150.23044832742391,56.93240166630076
20250718111120402969,2025-07-18 11:11:20.402969,41,-1.3070259694035369,0.7153986420349918,2.287566282853354,-0.0697200018621515,57.6399987116456,2.7300314284213427,151.30597596793717,56.92182972030135
20250718111120402969,2025-07-18 11:11:20.402969,42,-1.357737391235093,0.7766256365793988,2.22841321529246,0.2783200074336491,13.999999687075617,2.722576658432286,150.23044832742391,54.93434065429405
20250718111120402969,2025-07-18 11:11:20.402969,43,-1.017408289250702,0.6377316812475272,1.965643410021392,-0.1391600037168245,11.359999746084211,2.303383454760272,147.9196988491362,58.58036522973075
20250718111120402969,2025-07-18 11:11:20.402969,44,-1.0748518556832112,0.6605712892799531,1.9145631109739203,-0.2088800055789761,35.63999920338392,2.2928612792292427,148.4263798374775,56.6169255361302
20250718111120402969,2025-07-18 11:11:20.402969,45,-1.1286156989983265,0.6936129136745415,1.910289577378903,-0.1391600037168245,66.51999851316214,2.3246674040567687,148.4263798374775,55.26010755896285
20250718111120402969,2025-07-18 11:11:20.402969,46,-1.1838010040668527,0.684323852275868,1.7446625139536618,-0.2088800055789761,125.87999718636274,2.216648650467296,149.9689361642666,51.9127390059471
20250718111120402969,2025-07-18 11:11:20.402969,47,-1.2341628479018252,0.6983663700285947,1.6775566073381931,-0.2088800055789761,172.6399961411953,2.1966041274549424,150.4961096603587,49.79188197743455
20250718111120402969,2025-07-18 11:11:20.402969,48,-1.2879427950065256,0.7529996715333515,2.27749111736469,-0.0697200018621515,62.759998597204685,2.7226404349846898,149.68717882316233,56.77244494893343
20250718111120402969,2025-07-18 11:11:20.402969,49,-1.343645873115115,0.8027198644269308,2.2214212880136004,0.2783200074336491,14.999999664723871,2.7174355469679266,149.1450937550933,54.83229973430623
20250718111120402969,2025-07-18 11:11:20.402969,50,-1.0047077750193103,0.657264473210651,1.960409614188948,-0.1391600037168245,12.11999972909689,2.2988345213028247,146.8079015594486,58.5157912420372
20250718111120402969,2025-07-18 11:11:20.402969,51,-1.061434261749712,0.6812069160092183,1.909033811456504,-0.2088800055789761,42.63999904692173,2.2880331395587548,147.30847796047723,56.54882328589095
20250718111120402969,2025-07-18 11:11:20.402969,52,-1.1145269600934598,0.7152807297202369,1.904483703567713,-0.1391600037168245,81.6399981752038,2.319667011499555,147.30847796047723,55.1866277575096
20250718111120402969,2025-07-18 11:11:20.402969,53,-1.1690233757949624,0.7070511476817314,1.7385727535035171,-0.2088800055789761,153.2399965748191,2.2111472582842384,148.83352503749808,51.83887784140464
20250718111120402969,2025-07-18 11:11:20.402969,54,-1.2187565425087603,0.7220605411999705,1.671207773307498,-0.2088800055789761,196.359995611012,2.1908159111685555,149.35509271542284,49.7138250208097
20250718111120402969,2025-07-18 11:11:20.402969,55,-1.274575652471827,0.7777525235682472,2.2708586106515725,-0.0697200018621515,64.87999854981899,2.717763954312653,148.60824652157373,56.67433864225572
20250718111120402969,2025-07-18 11:11:20.402969,56,-1.3290169145849553,0.828536664531614,2.2145036972743948,0.2783200074336491,15.239999659359457,2.7123395047390457,148.0597321580883,54.731504078477606
20250718111120402969,2025-07-18 11:11:20.402969,57,-0.9992590420237252,0.6645132159642141,1.9460996074177408,-0.1391600037168245,12.639999717473984,2.2863508324946027,146.37585718045662,58.340412944047976
20250718111120402969,2025-07-18 11:11:20.402969,58,-1.0475921082827595,0.7015792250267315,1.903575067707304,-0.2088800055789761,49.63999889045954,2.28325659371046,146.18952334500003,56.48180767657013
20250718111120402969,2025-07-18 11:11:20.402969,59,-1.102196745268403,0.7243723524857577,1.847136467257844,-0.2088800055789761,93.51999790966512,2.269684140800168,146.68676855323858,54.4718136097507
20250718111120402969,2025-07-18 11:11:20.402969,60,-1.153778153780427,0.7294884349623706,1.7325607004963248,-0.2088800055789761,171.23999617248774,2.205702605926088,147.69644633126669,51.766161060753575
20250718111120402969,2025-07-18 11:11:20.402969,61,-1.2028627507703544,0.7454523665779977,1.6649399525879658,-0.2088800055789761,205.2399954125285,2.185086514019795,148.21218605725153,49.63694627667777
20250718111120402969,2025-07-18 11:11:20.402969,62,-1.2612854891489125,0.8198922762683525,2.199354054216987,0.2783200074336491,63.11999858915806,2.6646243047797205,146.97432154270118,55.62804363681297
20250718111120402969,2025-07-18 11:11:20.402969,63,-1.3138563670327137,0.8540657105180877,2.207663210018782,0.2783200074336491,14.879999667406082,2.7072908303220027,146.97432154270118,54.63198731581008
20250718111120402969,2025-07-18 11:11:20.402969,64,-0.9859436530824396,0.6836894402835335,1.9409613535975017,-0.1391600037168245,12.999999709427357,2.281851685357268,145.26114376478313,58.27786314806422
20250718111120402969,2025-07-18 11:11:20.402969,65,-1.0333309319589337,0.7216800676808771,1.8981890631509404,-0.1391600037168245,54.63999877870083,2.278533882674743,145.06948670208462,56.41589785063894
20250718111120402969,2025-07-18 11:11:20.402969,66,-1.0871922201258968,0.7455209304249986,1.8414697228779573,-0.2088800055789761,96.63999783992767,2.264685214655726,145.5603764481921,54.40227965147017
20250718111120402969,2025-07-18 11:11:20.402969,67,-1.1380714359085131,0.7516267395024342,1.7266287596730203,-0.2088800055789761,169.63999620825052,2.2003173004128103,146.5576723182986,51.69461130024576
20250718111120402969,2025-07-18 11:11:20.402969,68,-1.194735026631586,0.7570319708872637,1.661837206964626,-0.2088800055789761,194.7599956467748,2.182244736792329,147.64001533982645,49.5989566106199
20250718111120402969,2025-07-18 11:11:20.402969,69,-1.2462270579571828,0.8441137944061983,2.192863917992496,0.2783200074336491,57.87999870628119,2.6597485108041403,145.88882148407515,55.53407335512655
20250718111120402969,2025-07-18 11:11:20.402969,70,-1.2901321388697176,0.8917974358346681,2.1975530246911714,0.2783200074336491,13.879999689757824,2.699811641325216,145.34602571713646,54.48518237873949
20250718111120402969,2025-07-18 11:11:20.402969,71,-0.9747224514248276,0.6950303989243909,1.900749877394673,-0.1391600037168245,13.119999706745148,2.246330609940685,144.50905400001665,57.79618371342432
20250718111120402969,2025-07-18 11:11:20.402969,72,-1.0260449863281538,0.731626172270462,1.8955240124583257,-0.1391600037168245,55.99999874830246,2.2761934126357497,144.50905400001665,56.38336341958776
20250718111120402969,2025-07-18 11:11:20.402969,73,-1.0717528326104826,0.7663754329533381,1.835881775766936,-0.2088800055789761,89.11999800801277,2.2597449707956354,144.4326794976801,54.33390989397235
20250718111120402969,2025-07-18 11:11:20.402969,74,-1.1219095046566685,0.7734572062756757,1.720779303730736,-0.2088800055789761,149.23999666422606,2.1949939404760963,145.41717748761758,51.624250528970194
20250718111120402969,2025-07-18 11:11:20.402969,75,-1.1781219855616636,0.7799527731084467,1.6556955965195868,-0.2088800055789761,169.9999962002039,2.176608749747566,146.49422289796846,49.52389207763844
20250718111120402969,2025-07-18 11:11:20.402969,76,-1.230670152580692,0.8680395812501613,2.186453022729376,0.2783200074336491,50.75999886542559,2.6549234564620434,144.80319315601275,55.4414080996102
20250718111120402969,2025-07-18 11:11:20.402969,77,-1.2782377756533767,0.9213857186031268,2.1262035907467736,0.2783200074336491,12.359999723732471,2.646428756429609,144.21499488266326,53.45829696475035
20250718111120402969,2025-07-18 11:11:20.402969,78,-0.9605877304283936,0.7137246825187903,1.895740759202475,-0.1391600037168245,12.999999709427357,2.2418663511431043,143.3873436812753,57.73716720887949
20250718111120402969,2025-07-18 11:11:20.402969,79,-1.0111660229982964,0.7513047750634841,1.8902511467317624,-0.1391600037168245,52.999998815357685,2.2715556319007746,143.3873436812753,56.31914681051547
20250718111120402969,2025-07-18 11:11:20.402969,80,-1.0638719885945318,0.7766897945262781,1.833118050913024,-0.2088800055789761,74.87999832630157,2.257297595271948,143.8683339870522,54.30016783467495
20250718111120402969,2025-07-18 11:11:20.402969,81,-1.113659847144986,0.7842542668768233,1.7178862400620285,-0.2088800055789761,121.11999729275703,2.192356299521579,144.8462774152366,51.58952269654114
20250718111120402969,2025-07-18 11:11:20.402969,82,-1.1610377114266652,0.8025480734164391,1.6496412040493214,-0.2088800055789761,140.75999685376885,2.171038479529232,145.34647586888346,49.45006730206849
20250718111120402969,2025-07-18 11:11:20.402969,83,-1.2146209955738902,0.891660066804938,2.1801239327001425,0.2783200074336491,43.5199990272522,2.65015135408441,143.7173993589073,55.35007795003904
20250718111120402969,2025-07-18 11:11:20.402969,84,-1.2608367527187447,0.945912112225079,2.1196317633825235,0.2783200074336491,10.87999975681305,2.64145752443619,143.12182766366135,53.3644893382281
20250718111120402969,2025-07-18 11:11:20.402969,85,-0.9460687871646292,0.7321421837499685,1.8908058046209817,-0.1391600037168245,12.639999717473984,2.237459478529549,142.26448674995626,57.67924130978267
20250718111120402969,2025-07-18 11:11:20.402969,86,-0.9965310600639936,0.7679130990224526,1.872737591683392,-0.1391600037168245,46.999998949468136,2.256083058893587,142.38264893286436,56.107328717030576
20250718111120402969,2025-07-18 11:11:20.402969,87,-1.0477919403563314,0.7970875812552608,1.827652480431611,-0.1391600037168245,59.8799986615777,2.252449811137835,142.73863461852957,54.23358149763495
20250718111120402969,2025-07-18 11:11:20.402969,88,-1.096827273061805,0.8056066441310689,1.7121648878202689,-0.2088800055789761,94.63999788463116,2.187130708276237,143.70315852970117,51.52098513545377
20250718111120402969,2025-07-18 11:11:20.402969,89,-1.1434890377081524,0.8248088339927881,1.643676451229986,-0.2088800055789761,113.51999746263029,2.165536669816344,144.19675248945308,49.377505721400034
20250718111120402969,2025-07-18 11:11:20.402969,90,-1.1920865936963967,0.8559192103020565,1.613815682192962,-0.3480400092958007,36.87999917566776,2.1812998871147244,144.32162010923747,47.71789610101551
20250718111120402969,2025-07-18 11:11:20.402969,91,-0.9887345129182163,0.7775012751546698,1.8701684476318767,-0.1391600037168245,39.87999910861254,2.253804382021781,141.81990552589875,56.07644811921951
20250718111120402969,2025-07-18 11:11:20.402969,92,-1.0312927893310957,0.8171706666014782,1.8222712339315663,-0.1391600037168245,46.999998949468136,2.2476666046579705,141.6075733290464,54.16820793256155
20250718111120402969,2025-07-18 11:11:20.402969,93,-1.0795559827131795,0.8266295923773285,1.7065318058151622,-0.2088800055789761,73.23999836295843,2.181973511998825,142.55826515897652,51.45368855226128
20250718111120402969,2025-07-18 11:11:20.402969,94,-1.1334621734204635,0.8312358205744231,1.6269667904619751,-0.1391600037168245,90.9999979659915,2.1500489355471,143.74516867142995,49.175143852912605
20250718111120402969,2025-07-18 11:11:20.402969,95,-1.1786682579711556,0.8525480335034343,1.5679011027837155,-0.2088800055789761,31.5199992954731,2.138787245120404,144.1212327062135,47.14518524038592
20250718111120402969,2025-07-18 11:11:20.402969,96,-0.9728455902932366,0.7964493151569453,1.8650913356151149,-0.1391600037168245,32.87999926507473,2.249294499249384,140.69349626516265,56.0155677835276
20250718111120402969,2025-07-18 11:11:20.402969,97,-1.0228881061218429,0.8270916809489197,1.819612906149072,-0.1391600037168245,36.87999917566776,2.2452999475715294,141.04152593260008,54.13598169054716
20250718111120402969,2025-07-18 11:11:20.402969,98,-1.070757970998928,0.8370148976021529,1.7037490716670198,-0.1391600037168245,57.2399987205863,2.179421361387448,141.98514754961374,51.42051178453746
20250718111120402969,2025-07-18 11:11:20.402969,99,-1.1205210868285949,0.8278805496105865,1.5829993369930289,-0.2088800055789761,73.35999836027622,2.1087533310872164,143.54170228468803,48.64933185717241
20250718111120402969,2025-07-18 11:11:20.402969,100,-0.956567542420636,0.8150866357332119,1.8600974806176245,-0.1391600037168245,26.99999939650297,2.2448497331366246,139.56584164173057,55.95587508448864
20250718111120402969,2025-07-18 11:11:20.402969,101,-1.0057727265324197,0.8466876926260624,1.8143621706453108,-0.1391600037168245,29.23999934643507,2.24061797559282,139.9083867946997,54.07246144598789
20250718111120402969,2025-07-18 11:11:20.402969,102,-1.0528416133715728,0.857527977749933,1.6982526084071472,-0.1391600037168245,45.35999898612499,2.174371545397066,140.83756085190228,51.3551132434268
20250718111120402969,2025-07-18 11:11:20.402969,103,-1.1021462222574658,0.8493505823741543,1.577246459052561,-0.2088800055789761,59.75999866425991,2.1032900654949045,142.38095628948082,48.58127321369258
20250718111120402969,2025-07-18 11:11:20.402969,104,-1.0437250590792206,0.8676537013820604,1.695539428937138,-0.1391600037168245,36.51999918371439,2.1718745128465384,140.2630883830879,51.32289612275152
20250718111120454980,2025-07-18 11:11:20.454980,1,1.2571161760811784,0.5132997157314274,2.3017673035120074,0.0697200018621515,37.51999916136265,2.6724427772829613,22.21094304036278,59.462538414538585
20250718111120454980,2025-07-18 11:11:20.454980,2,1.2584146809279877,0.6333753150728897,2.3606542173336456,0.1391600037168245,59.8799986615777,2.749083507777437,26.71666468877704,59.17159003642398
20250718111120454980,2025-07-18 11:11:20.454980,3,1.3714405443588702,0.5599800996566794,2.329210555772445,0.2088800055789761,38.6399991363287,2.76037111487652,22.21094304036277,57.5439567658353
20250718111120454980,2025-07-18 11:11:20.454980,4,-1.4550779167120018,0.5451253122953309,2.290443540231919,-0.2088800055789761,12.879999712109566,2.7677689500386675,159.46221576819767,55.8470079621751
20250718111120454980,2025-07-18 11:11:20.454980,5,-1.2089543678697507,0.5466411189697538,1.949670551080204,-0.2783200074336491,17.11999961733818,2.358304991787372,155.66940764851452,55.76380850482344
20250718111120454980,2025-07-18 11:11:20.454980,6,-1.2652183306548153,0.488935023688259,2.308295803068807,0.0697200018621515,44.75999899953604,2.677324111137661,158.87131428344193,59.56057291943472
20250718111120454980,2025-07-18 11:11:20.454980,7,-1.3213142405525262,0.5828009288139304,1.828783708467809,-0.2088800055789761,72.23999838531017,2.3302313398610344,156.19884159655209,51.70290469897433
20250718111120454980,2025-07-18 11:11:20.454980,8,-1.38027952319819,0.5333996394298584,2.3363327686246693,0.2088800055789761,44.519999004900455,2.765526630364195,158.87131428344193,57.65112838805409
20250718111120454980,2025-07-18 11:11:20.454980,9,-1.440883863260502,0.5870877227136403,2.27919974624787,-0.2088800055789761,13.519999697804453,2.759632182893574,157.83157512044377,55.68056291236267
20250718111120454980,2025-07-18 11:11:20.454980,10,-1.1353896542198303,0.5537357793989628,1.943189599569499,-0.1391600037168245,12.879999712109566,2.317696874090974,154.00125379954255,56.97302314886242
20250718111120454980,2025-07-18 11:11:20.454980,11,-1.192181584334029,0.5814335160909235,1.9403479563688435,-0.2783200074336491,19.999999552965164,2.3503855120902606,154.00125379954258,55.643739510045705
20250718111120454980,2025-07-18 11:11:20.454980,12,-1.251977157901292,0.581754841453467,1.8297188080183509,-0.2088800055789761,53.23999880999327,2.2921074180494334,155.07717255800802,52.96514173893444
20250718111120454980,2025-07-18 11:11:20.454980,13,-1.308905666339291,0.6082077485145252,1.821975971646792,-0.2088800055789761,85.23999809473753,2.32438102513045,155.07717255800802,51.61483527732469
20250718111120454980,2025-07-18 11:11:20.454980,14,-1.3668151161686637,0.5732049688759341,2.3256669627451387,0.2088800055789761,50.1199988797307,2.75780244392803,157.24815251253315,57.49071997537578
20250718111120454980,2025-07-18 11:11:20.454980,15,-1.4199437487398012,0.6423620370829587,2.264389038350427,-0.2088800055789761,13.759999692440031,2.7488773987342867,155.65869127875126,55.46201147083927
20250718111120454980,2025-07-18 11:11:20.454980,16,-1.1241718907839506,0.5755621949872125,1.9373412291389616,-0.1391600037168245,14.999999664723871,2.312644658923831,152.8881113664327,56.8997964600089
20250718111120454980,2025-07-18 11:11:20.454980,17,-1.1804027109437647,0.6043516839812347,1.9342070517906336,-0.2783200074336491,23.51999947428704,2.3451542459145323,152.88811136643272,55.56492851693147
20250718111120454980,2025-07-18 11:11:20.454980,18,-1.2396074982586625,0.6058225028539281,1.823269897582392,-0.2088800055789761,62.23999860882759,2.2864734361311534,153.9542582109686,52.8840271151092
20250718111120454980,2025-07-18 11:11:20.454980,19,-1.2959735473347664,0.6333697877608375,1.8152338235508216,-0.2088800055789761,96.87999783456326,2.318572525844857,153.9542582109686,51.52779812599035
20250718111120454980,2025-07-18 11:11:20.454980,20,-1.3522569962330184,0.6428889073119117,2.246781963986453,0.1391600037168245,54.239998787641525,2.69998783788014,154.5726893308544,56.3197383824325
20250718111120454980,2025-07-18 11:11:20.454980,21,-1.4086196025010502,0.6696847711586849,2.257067933819826,-0.2088800055789761,13.639999695122242,2.7435456138270737,154.5726893308544,55.35426649294473
20250718111120454980,2025-07-18 11:11:20.454980,22,-1.1125044736006162,0.5971675493416527,1.931552091887501,-0.1391600037168245,17.519999608397484,2.307632719789499,151.77409020374498,56.8275514336765
20250718111120454980,2025-07-18 11:11:20.454980,23,-1.1681516922287216,0.6270377332055194,1.928128343221534,-0.2783200074336491,27.519999384880062,2.3399644447842705,151.77409020374498,55.48713528640002
20250718111120454980,2025-07-18 11:11:20.454980,24,-1.2201249346431555,0.6414639614472224,1.813719797535252,-0.2088800055789761,70.87999841570854,2.2781045572898626,152.26746594095252,52.7642962574551
20250718111120454980,2025-07-18 11:11:20.454980,25,-1.27560509432409,0.6706318949925398,1.805249472009805,-0.2088800055789761,103.87999767810106,2.3099439714933645,152.26746594095252,51.39924334504762
20250718111120454980,2025-07-18 11:11:20.454980,26,-1.3310852540050244,0.6997998285378575,1.7967791464843592,-0.0697200018621515,55.519998759031296,2.343058482985924,152.26746594095252,50.072039096823886
20250718111120454980,2025-07-18 11:11:20.454980,27,-1.390578430848712,0.710245077420276,2.2461998325122736,0.2088800055789761,12.879999712109566,2.7356114727642824,152.9440933888264,55.194665664556005
20250718111120454980,2025-07-18 11:11:20.454980,28,-1.1003920694809288,0.6185432006089955,1.925824503392728,-0.1391600037168245,20.51999954134226,2.302663330898372,150.659152007077,56.75631029803157
20250718111120454980,2025-07-18 11:11:20.454980,29,-1.155433428432822,0.6494825896469701,1.9221142620638143,-0.2783200074336491,32.119999282062054,2.334818467937857,150.659152007077,55.41038465736722
20250718111120454980,2025-07-18 11:11:20.454980,30,-1.206525419085445,0.6649043847563227,1.8074389550393344,-0.2088800055789761,77.11999827623367,2.272583772704798,151.14126960749104,52.68580819604995
20250718111120454980,2025-07-18 11:11:20.454980,31,-1.261387196768518,0.6951381750768385,1.7986830340517266,-0.2088800055789761,103.75999768078329,2.3042515920806523,151.14126960749104,51.3149167920506
20250718111120454980,2025-07-18 11:11:20.454980,32,-1.3162489744515908,0.7253719653973543,1.789927113064119,-0.0697200018621515,53.23999880999327,2.3372023705728475,151.14126960749104,49.981934511701496
20250718111120454980,2025-07-18 11:11:20.454980,33,-1.3778546973163392,0.7369869787936717,2.2390343616352,0.2088800055789761,11.639999739825726,2.730367785923953,151.85856265064157,55.08966207574785
20250718111120454980,2025-07-18 11:11:20.454980,34,-1.0334260397578634,0.6076839219655696,1.9241542953574928,-0.1391600037168245,7.639999829232693,2.2670727560022788,149.54326016980943,58.07483868121051
20250718111120454980,2025-07-18 11:11:20.454980,35,-1.0878395232248226,0.639680598814121,1.9201607546135688,-0.1391600037168245,23.75999946892261,2.297738762424343,149.5432601698094,56.68609466654716
20250718111120454980,2025-07-18 11:11:20.454980,36,-1.142253006691782,0.6716772756626723,1.9161672138696448,-0.2783200074336491,36.999999172985554,2.329718670880028,149.54326016980943,55.33470086931384
20250718111120454980,2025-07-18 11:11:20.454980,37,-1.192443309468464,0.688077415191546,1.8012297602480345,-0.2088800055789761,79.35999822616577,2.267112750790303,150.0136976927871,52.60841609629527
20250718111120454980,2025-07-18 11:11:20.454980,38,-1.246664761175064,0.7193649036968409,1.792191501682749,-0.2088800055789761,96.63999783992767,2.2986102910520327,150.0136976927871,51.23172490682689
20250718111120454980,2025-07-18 11:11:20.454980,39,-1.3008862128816636,0.750652392202136,1.7831532431174637,-0.0697200018621515,48.239998921751976,2.3313986019607875,150.0136976927871,49.89300152866608
20250718111120454980,2025-07-18 11:11:20.454980,40,-1.357737391235093,0.7766256365793988,2.22841321529246,0.2088800055789761,10.359999768435957,2.722576658432286,150.23044832742391,54.93434065429405
20250718111120454980,2025-07-18 11:11:20.454980,41,-1.021088012368096,0.6275296648853647,1.918836644568938,-0.1391600037168245,7.999999821186066,2.262376687877938,148.4263798374775,58.011108477797855
20250718111120454980,2025-07-18 11:11:20.454980,42,-1.0748518556832112,0.6605712892799531,1.9145631109739203,-0.1391600037168245,27.23999939113856,2.2928612792292427,148.4263798374775,56.6169255361302
20250718111120454980,2025-07-18 11:11:20.454980,43,-1.1286156989983265,0.6936129136745415,1.910289577378903,-0.2783200074336491,41.51999907195568,2.3246674040567687,148.4263798374775,55.26010755896285
20250718111120454980,2025-07-18 11:11:20.454980,44,-1.177884238448049,0.710973783850102,1.7950946967563688,-0.2783200074336491,76.7599982842803,2.2616940488999195,148.8847171399885,52.53214492842056
20250718111120454980,2025-07-18 11:11:20.454980,45,-1.2314436763214058,0.7433023904845514,1.7857774714291512,-0.0697200018621515,84.99999810010195,2.293022710117787,148.8847171399885,51.149695609976725
20250718111120454980,2025-07-18 11:11:20.454980,46,-1.2850031141947624,0.7756309971190005,1.7764602461019336,-0.0697200018621515,41.75999906659126,2.3256498990954326,148.8847171399885,49.80527100955389
20250718111120454980,2025-07-18 11:11:20.454980,47,-1.343645873115115,0.8027198644269308,2.2214212880136004,0.2088800055789761,9.519999787211418,2.7174355469679266,149.1450937550933,54.83229973430623
20250718111120454980,2025-07-18 11:11:20.454980,48,-1.008341563405964,0.6471331022981995,1.9135839193452948,-0.1391600037168245,8.239999815821648,2.257728366513336,147.30847796047723,57.94839669708718
20250718111120454980,2025-07-18 11:11:20.454980,49,-1.061434261749712,0.6812069160092183,1.909033811456504,-0.1391600037168245,30.51999931782484,2.2880331395587548,147.30847796047723,56.54882328589095
20250718111120454980,2025-07-18 11:11:20.454980,50,-1.11676040642827,0.7029381582844356,1.8528797422845,-0.2783200074336491,44.87999899685383,2.274739369489706,147.81188232922338,54.54249123428442
20250718111120454980,2025-07-18 11:11:20.454980,51,-1.1704276548455887,0.7223153536394056,1.7920557322904238,-0.2783200074336491,70.35999842733145,2.259005115745764,148.31968883067353,52.49443732463288
20250718111120454980,2025-07-18 11:11:20.454980,52,-1.2236480352690131,0.7551596714810249,1.7826003225617173,-0.0697200018621515,72.11999838799238,2.290249888908672,148.31968883067353,51.10912549172589
20250718111120454980,2025-07-18 11:11:20.454980,53,-1.2768684156924377,0.7880039893226441,1.7731449128330108,-0.0697200018621515,35.11999921500683,2.322797046684644,148.31968883067353,49.76186616020856
20250718111120454980,2025-07-18 11:11:20.454980,54,-1.3290169145849553,0.828536664531614,2.2145036972743948,0.2088800055789761,8.359999813139439,2.7123395047390457,148.0597321580883,54.731504078477606
20250718111120454980,2025-07-18 11:11:20.454980,55,-0.9951917912808736,0.6664863930908353,1.9083982207065235,-0.1391600037168245,8.51999980956316,2.2531299524004136,146.189523345,57.88672046721037
20250718111120454980,2025-07-18 11:11:20.454980,56,-1.0475921082827595,0.7015792250267315,1.903575067707304,-0.1391600037168245,33.11999925971031,2.28325659371046,146.18952334500003,56.48180767657013
20250718111120454980,2025-07-18 11:11:20.454980,57,-1.102196745268403,0.7243723524857577,1.847136467257844,-0.2783200074336491,46.23999896645546,2.269684140800168,146.68676855323858,54.4718136097507
20250718111120454980,2025-07-18 11:11:20.454980,58,-1.155164119642164,0.7447795935140934,1.786036457357422,-0.2783200074336491,61.99999861419201,2.2536696770453126,147.18853766279727,52.419892991589165
20250718111120454980,2025-07-18 11:11:20.454980,59,-1.2076904536230173,0.7786453802069521,1.7763073458749326,-0.0697200018621515,59.99999865889549,2.284747830045812,147.18853766279727,51.028891100274
20250718111120454980,2025-07-18 11:11:20.454980,60,-1.2602167876038706,0.8125111668998107,1.7665782343924428,-0.0697200018621515,29.23999934643507,2.317136035351535,147.18853766279727,49.67599593429737
20250718111120454980,2025-07-18 11:11:20.454980,61,-1.3138563670327137,0.8540657105180877,2.207663210018782,0.2088800055789761,7.239999838173389,2.7072908303220027,146.97432154270118,54.63198731581008
20250718111120454980,2025-07-18 11:11:20.454980,62,-0.9816439557261122,0.685581796205341,1.9032816228628449,-0.1391600037168245,8.639999806880951,2.248583596629037,145.06948670208462,57.82609629247671
20250718111120454980,2025-07-18 11:11:20.454980,63,-1.0333309319589337,0.7216800676808771,1.8981890631509404,-0.1391600037168245,34.23999923467636,2.278533882674743,145.06948670208462,56.41589785063894
20250718111120454980,2025-07-18 11:11:20.454980,64,-1.0871922201258968,0.7455209304249986,1.8414697228779573,-0.1391600037168245,45.11999899148941,2.264685214655726,145.5603764481921,54.40227965147017
20250718111120454980,2025-07-18 11:11:20.454980,65,-1.13943853421352,0.7669444914978175,1.780097390842365,-0.2783200074336491,53.11999881267548,2.248392925441035,146.0559039628444,52.34652924488441
20250718111120454980,2025-07-18 11:11:20.454980,66,-1.1912498119194903,0.8018181357014385,1.770098224753781,-0.0697200018621515,49.75999888777733,2.2793060703675665,146.0559039628444,50.94988643224269
20250718111120454980,2025-07-18 11:11:20.454980,67,-1.2430610896254612,0.8366917799050596,1.760099058665197,-0.0697200018621515,24.23999945819378,2.3115368704426174,146.0559039628444,49.59140277671102
20250718111120454980,2025-07-18 11:11:20.454980,68,-1.2981702944750029,0.8792967911087961,2.200902562350337,0.2088800055789761,6.11999986320734,2.702291814233212,145.88882148407512,54.53378255523037
20250718111120454980,2025-07-18 11:11:20.454980,69,-0.9747224514248276,0.6950303989243909,1.900749877394673,-0.1391600037168245,8.759999804198742,2.246330609940685,144.50905400001665,57.79618371342432
20250718111120454980,2025-07-18 11:11:20.454980,70,-1.0260449863281538,0.731626172270462,1.8955240124583257,-0.1391600037168245,33.87999924272299,2.2761934126357497,144.50905400001665,56.38336341958776
20250718111120454980,2025-07-18 11:11:20.454980,71,-1.0717528326104826,0.7663754329533381,1.835881775766936,-0.1391600037168245,42.11999905854464,2.2597449707956354,144.4326794976801,54.33390989397235
20250718111120454980,2025-07-18 11:11:20.454980,72,-1.1232571885838751,0.788801181927309,1.7742409082925656,-0.2783200074336491,44.99999899417162,2.2431773931131924,144.92176183108975,52.27436882799057
20250718111120454980,2025-07-18 11:11:20.454980,73,-1.174332686195615,0.8246686691716671,1.7639754427638128,-0.0697200018621515,41.23999907821417,2.273927227167696,144.92176183108975,50.87213726005109
20250718111120454980,2025-07-18 11:11:20.454980,74,-1.225408183807355,0.8605361564160254,1.75370997723506,-0.0697200018621515,20.239999547600743,2.306002250149618,144.92176183108975,49.50811548902634
20250718111120454980,2025-07-18 11:11:20.454980,75,-1.2819649711314194,0.9042198142083642,2.1942244584378656,0.2088800055789761,5.239999882876873,2.697344737630312,144.80319315601275,54.43692238024516
20250718111120454980,2025-07-18 11:11:20.454980,76,-0.9605877304283936,0.7137246825187903,1.895740759202475,-0.1391600037168245,8.759999804198742,2.2418663511431043,143.3873436812753,57.73716720887949
20250718111120454980,2025-07-18 11:11:20.454980,77,-1.011824427859173,0.7485132284478808,1.877935771337117,-0.1391600037168245,31.999999284744263,2.26068650795318,143.5072260509894,56.16996057042687
20250718111120454980,2025-07-18 11:11:20.454980,78,-1.0638719885945318,0.7766897945262781,1.833118050913024,-0.1391600037168245,37.75999915599823,2.257297595271948,143.8683339870522,54.30016783467495
20250718111120454980,2025-07-18 11:11:20.454980,79,-0.9965310600639936,0.7679130990224526,1.872737591683392,-0.1391600037168245,28.999999351799488,2.256083058893587,142.38264893286436,56.107328717030576
20250718111120454980,2025-07-18 11:11:20.454980,80,-1.0477919403563314,0.7970875812552608,1.827652480431611,-0.1391600037168245,32.87999926507473,2.252449811137835,142.73863461852957,54.23358149763495
20250718111120454980,2025-07-18 11:11:20.454980,81,-0.98083909314951,0.7870136642764817,1.867619610648597,-0.1391600037168245,25.75999942421913,2.251541437435133,141.25685544217248,56.04586047401496
20250718111120510537,2025-07-18 11:11:20.510537,1,-1.1642309592653906,0.4732399331399712,1.8601048926418764,-2.4354400650481693,13.879999689757824,2.244856336708561,157.8791005679539,55.95596354256831
20250718111120510537,2025-07-18 11:11:20.510537,2,-1.2221937913542535,0.383912518637952,1.651039050355769,-0.2088800055789761,18.759999580681324,2.089755112780323,162.5615809761566,52.19143764611432
20250718111120510537,2025-07-18 11:11:20.510537,3,1.2571161760811784,0.5132997157314274,2.3017673035120074,0.0697200018621515,19.999999552965164,2.6724427772829613,22.21094304036278,59.462538414538585
20250718111120510537,2025-07-18 11:11:20.510537,4,1.2584146809279877,0.6333753150728897,2.3606542173336456,0.2088800055789761,23.639999471604824,2.749083507777437,26.71666468877704,59.17159003642398
20250718111120510537,2025-07-18 11:11:20.510537,5,1.2124062131491866,0.8247100282427002,2.3908081529190945,0.2088800055789761,21.239999525249004,2.8046459813016043,34.22454924136119,58.478672116428775
20250718111120510537,2025-07-18 11:11:20.510537,6,1.262939783483082,0.8590842682996035,2.407097191253284,0.2088800055789761,10.239999771118164,2.8508173503196605,34.22454924136119,57.6027191575408
20250718111120510537,2025-07-18 11:11:20.510537,7,-1.1489096490828052,0.5067572800310914,1.851123946609967,-2.4354400650481693,16.239999637007713,2.23684067119966,156.19884159655209,55.8490870093315
20250718111120510537,2025-07-18 11:11:20.510537,8,-1.2078114581090464,0.4191232311210405,1.641604368381001,-0.2088800055789761,22.63999949395657,2.0807060588878064,160.86269000741666,52.0888991165138
20250718111120510537,2025-07-18 11:11:20.510537,9,-1.2652183306548153,0.488935023688259,2.308295803068807,0.0697200018621515,23.87999946624041,2.677324111137661,158.87131428344193,59.56057291943472
20250718111120510537,2025-07-18 11:11:20.510537,10,1.282753659795295,0.5719980257456487,2.377100212442491,0.2088800055789761,28.639999359846115,2.761022294942451,24.03276922926164,59.42333791667607
20250718111120510537,2025-07-18 11:11:20.510537,11,1.2757793909892663,0.7044396521296694,2.4230345030719684,0.2088800055789761,25.75999942421913,2.8275332855764463,28.905906023898964,58.97504265429682
20250718111120510537,2025-07-18 11:11:20.510537,12,1.3289543804324766,0.7338009753568203,2.4406667484224145,0.2088800055789761,10.87999975681305,2.8742716979367366,28.90590602389896,58.1185437082889
20250718111120510537,2025-07-18 11:11:20.510537,13,-1.138120141025294,0.5288490273313509,1.84520448076147,-0.1391600037168245,19.239999569952488,2.2315416924043694,155.07717255800802,55.77897944589781
20250718111120510537,2025-07-18 11:11:20.510537,14,-1.192342176124956,0.4539013944805307,1.632285587594588,-0.2088800055789761,27.639999382197857,2.071729369475361,159.1591475208296,51.98834752454794
20250718111120510537,2025-07-18 11:11:20.510537,15,-1.252876327242577,0.5254221493946784,2.29851910720164,0.0697200018621515,28.879999354481697,2.670010788856553,157.24815251253315,59.41385556797004
20250718111120510537,2025-07-18 11:11:20.510537,16,-1.3038864227016056,0.5095224493799905,2.393840492676338,0.2088800055789761,35.11999921500683,2.7731219291810207,158.65582812385512,59.681141366619535
20250718111120510537,2025-07-18 11:11:20.510537,17,1.307719949882394,0.6295531244311717,2.443100287692752,0.2088800055789761,31.75999929010868,2.841690978893706,25.706759179162628,59.2868059484381
20250718111120510537,2025-07-18 11:11:20.510537,18,1.3622262344491558,0.6557931475746785,2.461568882879946,0.2088800055789761,11.359999746084211,2.8887793843404266,25.70675917916263,58.44233161811593
20250718111120510537,2025-07-18 11:11:20.510537,19,-1.126875400106455,0.5507279330401091,1.839342045645532,-0.1391600037168245,22.879999488592148,2.226281335428028,153.9542582109686,55.70981252628162
20250718111120510537,2025-07-18 11:11:20.510537,20,-1.181432295896795,0.4768310589783562,1.626141602509679,-0.2088800055789761,34.11999923735857,2.065789592385231,158.02078919033698,51.92245454834662
20250718111120510537,2025-07-18 11:11:20.510537,21,-1.2394068197528352,0.561535266983492,2.2888426265075466,0.0697200018621515,35.23999921232462,2.662752652770066,155.62625255789197,59.2691927444836
20250718111120510537,2025-07-18 11:11:20.510537,22,-1.296391588516586,0.5451413164136399,2.37017976411679,0.2088800055789761,43.5199990272522,2.756004775007924,157.1929214642708,59.31722078973133
20250718111120510537,2025-07-18 11:11:20.510537,23,-1.3477702466387709,0.5709273811957642,2.4004544373971584,0.2088800055789761,39.23999912291765,2.8115163556955336,157.04205518344062,58.62670224448077
20250718111120510537,2025-07-18 11:11:20.510537,24,-1.403945843409711,0.5947238601813538,2.4171455366824106,0.2088800055789761,11.639999739825726,2.857858104700112,157.04205518344062,57.75659159484239
20250718111120510537,2025-07-18 11:11:20.510537,25,-1.1091646152812873,0.583128094356587,1.830660448586143,-0.1391600037168245,27.23999939113856,2.2184684348075923,152.26746594095252,55.60787257435501
20250718111120510537,2025-07-18 11:11:20.510537,26,-1.1641828463306565,0.5108189610156835,1.6170345716063492,-0.2088800055789761,42.35999905318022,2.0569536981647936,156.30914392251478,51.82538090410946
20250718111120510537,2025-07-18 11:11:20.510537,27,-1.223656237425626,0.6249887095945619,2.2166465076859545,0.0697200018621515,43.35999903082848,2.607962272454809,152.9440933888264,58.20660574028689
20250718111120510537,2025-07-18 11:11:20.510537,28,-1.2763498654593557,0.6263198859891611,2.3057739111757645,0.2088800055789761,54.11999879032373,2.708863028671323,153.8622702187124,58.34201380525891
20250718111120510537,2025-07-18 11:11:20.510537,29,-1.3337309629572986,0.6097822635607281,2.39004330304546,0.2088800055789761,48.63999891281128,2.804100511917628,155.4301040283292,58.46695457832234
20250718111120510537,2025-07-18 11:11:20.510537,30,-1.389321396833443,0.6351982294060105,2.4063004621345048,0.2088800055789761,11.639999739825726,2.8502583476605223,155.4301040283292,57.59053766221352
20250718111120510537,2025-07-18 11:11:20.510537,31,-1.096801863719299,0.6044368041152911,1.824950797014549,-0.1391600037168245,32.119999282062054,2.213315067935714,151.14126960749104,55.54114961751522
20250718111120510537,2025-07-18 11:11:20.510537,32,-1.1541390000436946,0.5376296999732174,1.623386532034139,-0.2088800055789761,52.7599988207221,2.063120538917923,155.02260094082146,51.89301197949636
20250718111120510537,2025-07-18 11:11:20.510537,33,-1.2124598348676436,0.6485205677697278,2.210341165291515,0.0697200018621515,53.51999880373478,2.6031223261633127,151.85856265064157,58.11516493423991
20250718111120510537,2025-07-18 11:11:20.510537,34,-1.2600027643894105,0.663071569231432,2.295926327330513,0.2088800055789761,66.75999850779772,2.701582605200398,152.24458524560026,58.19480902560584
20250718111120510537,2025-07-18 11:11:20.510537,35,-1.318491411486956,0.6482128963704296,2.379745846019484,0.2088800055789761,58.999998681247234,2.796746297545202,153.81978063296987,58.30947612662721
20250718111120510537,2025-07-18 11:11:20.510537,36,-1.373446654832294,0.6752306661861986,2.395573803028204,0.2088800055789761,11.239999748766422,2.842721585379632,153.81978063296987,57.426802236558885
20250718111120510537,2025-07-18 11:11:20.510537,37,-1.0835668203653708,0.6383404769213978,1.8682244968891408,-0.1391600037168245,37.239999167621136,2.252078681895826,149.4972191177993,56.05311507805276
20250718111120510537,2025-07-18 11:11:20.510537,38,-1.1415732995808667,0.5598053166690568,1.6174445934488269,-0.2088800055789761,64.63999855518341,2.057352328543589,153.87756730098576,51.82973591383588
20250718111120510537,2025-07-18 11:11:20.510537,39,-1.1947573691020177,0.6834010820698678,2.2009949596532103,0.0697200018621515,65.23999854177237,2.5959316289950083,150.23044832742391,57.980016857269504
20250718111120510537,2025-07-18 11:11:20.510537,40,-1.2484737926547065,0.6873023993004288,2.28943369598159,0.2088800055789761,80.51999820023775,2.6967717825811057,151.1665973315557,58.09802213423563
20250718111120510537,2025-07-18 11:11:20.510537,41,-1.3020653067948154,0.6861846946508756,2.3695713333350805,0.2088800055789761,68.35999847203493,2.7894608443380564,152.21089763324497,58.15438296986809
20250718111120510537,2025-07-18 11:11:20.510537,42,-1.3563359036019136,0.7147851440325348,2.3849752126322428,0.2088800055789761,11.359999746084211,2.8352551296840014,152.21089763324494,57.26550714223765
20250718111120510537,2025-07-18 11:11:20.510537,43,-1.021088012368096,0.6275296648853647,1.918836644568938,-0.1391600037168245,7.239999838173389,2.262376687877938,148.4263798374775,58.011108477797855
20250718111120510537,2025-07-18 11:11:20.510537,44,-1.070337070852082,0.6591462839465753,1.8626495976988664,-0.1391600037168245,41.63999906927347,2.2471223359418024,148.37396868716672,55.98635761756817
20250718111120510537,2025-07-18 11:11:20.510537,45,-1.1271418479119195,0.6058458002121826,1.6458498185523731,-0.2088800055789761,75.87999830394983,2.0847828434102955,151.74169206862206,52.13494887335711
20250718111120510537,2025-07-18 11:11:20.510537,46,-1.1823573680234858,0.7063630121258015,2.194842329038063,0.0697200018621515,77.11999827623367,2.591187083164025,149.1450937550933,57.89130230361905
20250718111120510537,2025-07-18 11:11:20.510537,47,-1.2342608300746227,0.7216143474974474,2.2659251778765075,0.2088800055789761,92.63999792933464,2.679280495749809,149.68717882316233,57.74932355413279
20250718111120510537,2025-07-18 11:11:20.510537,48,-1.2844674312657087,0.7236634863481608,2.3595289213664987,0.2088800055789761,73.51999835669994,2.782251274457585,150.60327459144855,58.00178863424211
20250718111120510537,2025-07-18 11:11:20.510537,49,-1.3380045416627802,0.7538260665863956,2.3745142289621697,0.2088800055789761,11.519999742507936,2.827866283210568,150.60327459144852,57.106771682018845
20250718111120510537,2025-07-18 11:11:20.510537,50,-1.008341563405964,0.6471331022981995,1.9135839193452948,-0.1391600037168245,7.35999983549118,2.257728366513336,147.30847796047723,57.94839669708718
20250718111120510537,2025-07-18 11:11:20.510537,51,-1.0635613134464674,0.6694523074002401,1.859888107037281,-0.1391600037168245,44.23999901115894,2.244663188552394,147.81188232922338,55.953376507608965
20250718111120510537,2025-07-18 11:11:20.510537,52,-1.1133800714957758,0.6274883010131483,1.6400507279405645,-0.1391600037168245,82.87999814748764,2.079212144474604,150.59488842193414,52.07208444375992
20250718111120510537,2025-07-18 11:11:20.510537,53,-1.16948443978344,0.7290808162982605,2.1887551117562443,0.0697200018621515,86.5199980661273,2.586484415346208,148.05973215808828,57.80372804501057
20250718111120510537,2025-07-18 11:11:20.510537,54,-1.2214508353259668,0.745335490872569,2.2595691166656007,0.2088800055789761,99.23999778181314,2.6745316842508555,148.60824652157373,57.655508731765046
20250718111120510537,2025-07-18 11:11:20.510537,55,-1.2720923081672098,0.7483587797657858,2.3529118374383966,0.2088800055789761,71.8799983933568,2.777490561371622,149.53214000745535,57.9015022079641
20250718111120510537,2025-07-18 11:11:20.510537,56,-1.3251136185405714,0.7795506695978689,2.3676213423596346,0.2088800055789761,10.99999975413084,2.822987100450338,149.53214000745535,57.00242782314184
20250718111120510537,2025-07-18 11:11:20.510537,57,-0.9951917912808736,0.6664863930908353,1.9083982207065235,-0.1391600037168245,7.519999831914902,2.2531299524004136,146.189523345,57.88672046721037
20250718111120510537,2025-07-18 11:11:20.510537,58,-1.0496914211198611,0.6898654413242257,1.8544184242873607,-0.1391600037168245,44.23999901115894,2.239784386730678,146.68676855323858,55.88822130137388
20250718111120510537,2025-07-18 11:11:20.510537,59,-1.1006669492041408,0.6532129295070036,1.6467785883854835,-0.1391600037168245,82.23999816179276,2.0856736522069697,149.3121357343347,52.14504297752944
20250718111120510537,2025-07-18 11:11:20.510537,60,-1.1515754452175402,0.6497693209306508,1.5680798599819854,0.1391600037168245,89.87999799102545,2.0511461731753244,150.5664045870496,49.8616034319925
20250718111120510537,2025-07-18 11:11:20.510537,61,-1.208152276550814,0.7688044365853262,2.2532806316146576,0.2088800055789761,97.35999782383442,2.669825048548677,147.52947401649635,57.562882956522245
20250718111120510537,2025-07-18 11:11:20.510537,62,-1.259208365129194,0.7728100812124526,2.346360130961872,0.2088800055789761,64.23999856412411,2.7727688314394965,148.46143872333244,57.80240796701444
20250718111120510537,2025-07-18 11:11:20.510537,63,-1.3116926676625855,0.8050211109565633,2.360796558166708,0.2088800055789761,10.239999771118164,2.818147801755136,148.4614387233324,56.89930748271371
20250718111120510537,2025-07-18 11:11:20.510537,64,-0.982283137756956,0.6829115573132063,1.8915871698358693,-0.1391600037168245,7.519999831914902,2.238157809208563,145.19185970022954,57.68839849832375
20250718111120510537,2025-07-18 11:11:20.510537,65,-1.0354016662392744,0.7100065648822526,1.849021626495332,-0.1391600037168245,41.63999906927347,2.2349601580060448,145.5603764481921,55.824157342456445
20250718111120510537,2025-07-18 11:11:20.510537,66,-1.0860002732901657,0.6743352165528671,1.6411188886292465,-0.1391600037168245,74.35999833792448,2.080239357498413,148.16242061989763,52.08364272617676
20250718111120510537,2025-07-18 11:11:20.510537,67,-1.1365577614891116,0.671871726771856,1.5621575381860495,0.1391600037168245,85.87999808043242,2.045363375184966,149.4107075887973,49.79640297348067
20250718111120510537,2025-07-18 11:11:20.510537,68,-1.1943704729951252,0.7920117973707685,2.247062238033741,0.2088800055789761,88.3599980250001,2.6651626996366056,146.45081773141655,57.47147572191387
20250718111120510537,2025-07-18 11:11:20.510537,69,-1.238939741404162,0.8090081819115131,2.3366608791120185,0.2088800055789761,53.99999879300594,2.76576390626585,146.85609457396322,57.65607119334686
20250718111120510537,2025-07-18 11:11:20.510537,70,-1.2905792396867408,0.8427279628050243,2.3506930376647928,0.2088800055789761,9.119999796152117,2.810968329691682,146.85609457396322,56.74699409371045
20250718111120510537,2025-07-18 11:11:20.510537,71,-0.9696426964212708,0.6933598108342666,1.8515179688495813,-0.1391600037168245,7.519999831914902,2.2020612105425506,144.4326794976801,57.22589126012032
20250718111120510537,2025-07-18 11:11:20.510537,72,-1.0206977645158768,0.7298676218938023,1.8436998723082587,-0.1391600037168245,37.239999167621136,2.230192792367089,144.4326794976801,55.76120234439741
20250718111120510537,2025-07-18 11:11:20.510537,73,-1.0708992117661027,0.6951699597564832,1.6355362360133274,-0.1391600037168245,62.87999859452248,2.074865097788705,147.01054272090323,52.023339774144766
20250718111120510537,2025-07-18 11:11:20.510537,74,-1.1210854698303108,0.6936796122555391,1.5563141328820662,0.1391600037168245,76.2399982959032,2.0396415654060647,148.25255470016756,49.73232849971037
20250718111120510537,2025-07-18 11:11:20.510537,75,-1.1801109371963217,0.814948290594424,2.2409164231972603,0.2088800055789761,75.87999830394983,2.6605467400871494,145.37223564428444,57.38131599308792
20250718111120510537,2025-07-18 11:11:20.510537,76,-1.224806734775134,0.8328069381844189,2.330284021587828,0.2088800055789761,44.11999901384115,2.7611487745331966,145.786269708991,57.56009504400174
20250718111120510537,2025-07-18 11:11:20.510537,77,-1.2758571637534055,0.8675186606491072,2.344050390197667,0.2088800055789761,8.119999818503857,2.806238115460116,145.786269708991,56.647077750925206
20250718111120510537,2025-07-18 11:11:20.510537,78,-0.9625126916205472,0.7026914823383105,1.8490175550060404,-0.1391600037168245,7.35999983549118,2.1997890625243954,143.8683339870522,57.19751593030217
20250718111120510537,2025-07-18 11:11:20.510537,79,-1.0131923401075391,0.7396906384322943,1.841067802959532,-0.1391600037168245,32.119999282062054,2.227831145695564,143.8683339870522,55.73014606610714
20250718111120510537,2025-07-18 11:11:20.510537,80,-1.0600431984505791,0.7327372903411911,1.6801176611149984,-0.1391600037168245,51.11999885737896,2.117401916129391,145.34647586888346,52.51199328966115
20250718111120510537,2025-07-18 11:11:20.510537,81,-1.1151507303484922,0.7093762887456877,1.5662889056382632,0.1391600037168245,64.63999855518341,2.0493991330038392,147.5385029277315,49.841858849606055
20250718111120510537,2025-07-18 11:11:20.510537,82,-1.1653793727783424,0.8376047419652293,2.234845645349098,0.2088800055789761,62.99999859184027,2.655979262870045,144.29368731327563,57.29243220418884
20250718111120510537,2025-07-18 11:11:20.510537,83,-1.2146784034038287,0.8553117730029823,2.3095232075655736,0.2088800055789761,35.879999198019505,2.7460697913594903,144.84883545035837,57.24889620949536
20250718111120510537,2025-07-18 11:11:20.510537,84,-1.2653066795259325,0.8909615058810311,2.322424257238405,0.2088800055789761,7.519999831914902,2.7907826552463906,144.84883545035837,56.322989728451546
20250718111120510537,2025-07-18 11:11:20.510537,85,-0.9978782968032994,0.7591167362058199,1.835862595749028,-0.1391600037168245,27.119999393820763,2.2231533426395016,142.73863461852957,55.66888632285163
20250718111120510537,2025-07-18 11:11:20.510537,86,-1.0469535670796632,0.768974997659976,1.7252530048909862,-0.1391600037168245,40.99999908357859,2.159613912145495,143.70315852970117,53.02242913467985
20250718111120510537,2025-07-18 11:11:20.510537,87,-1.098979619875552,0.7307638580718714,1.5605581237092476,0.1391600037168245,53.23999880999327,2.0437988351696523,146.37817571081595,49.77883944371498
20250718111120510537,2025-07-18 11:11:20.510537,88,-1.1501816721702738,0.859972089205123,2.228852332719342,0.2088800055789761,51.759998843073845,2.651462350152588,143.2151339006918,57.20485225581013
20250718111120510537,2025-07-18 11:11:20.510537,89,-1.0304676175754306,0.7890420138598115,1.719876064105738,-0.1391600037168245,32.99999926239252,2.1546286191340203,142.55826515897652,52.960830650576256
20250718111120510537,2025-07-18 11:11:20.510537,90,-1.0823689322271783,0.7518347689954069,1.554912190143498,-0.1391600037168245,43.63999902456999,2.038266406625451,145.21539527053528,49.716994192010745
20250718111120562593,2025-07-18 11:11:20.562593,1,-1.222465524843513,0.4969112860629474,1.85310737145532,-0.2088800055789761,26.119999416172504,2.274939497171233,157.87910056795388,54.5452967033837
20250718111120562593,2025-07-18 11:11:20.562593,2,-1.277627537206382,0.5481058097704087,1.953858031341132,-0.2088800055789761,42.51999904960394,2.397981090244117,156.7805314724555,54.56689212193738
20250718111120562593,2025-07-18 11:11:20.562593,3,-1.3361342312972762,0.5580458838432952,2.134808645421975,-0.0697200018621515,33.7599992454052,2.579549930721872,157.3318013846666,55.85192001486816
20250718111120562593,2025-07-18 11:11:20.562593,4,-1.2104077779923446,0.5060585567691609,1.795701252904545,-0.2088800055789761,29.23999934643507,2.2238986581197007,157.3107164340228,53.84815619687329
20250718111120562593,2025-07-18 11:11:20.562593,5,-1.263340521852248,0.5716276441375614,1.890028430457378,-0.2088800055789761,48.51999891549349,2.3441405473293084,155.65452589219805,53.73383818652884
20250718111120562593,2025-07-18 11:11:20.562593,6,-1.3204110882811817,0.5965391560148805,2.1244944042295675,-0.0697200018621515,37.63999915868044,2.571540565559405,155.68736096705646,55.70589670669624
20250718111120562593,2025-07-18 11:11:20.562593,7,-1.4370077550228104,0.551564410049585,1.640060819802251,-0.2088800055789761,7.999999821186066,2.2492252175092373,159.0017787557905,46.81660669372206
20250718111120562593,2025-07-18 11:11:20.562593,8,-1.1936148301443688,0.5408927814592688,1.7863674505298666,-0.2088800055789761,32.51999927312136,2.215488666657514,155.6220952501812,53.73681873100736
20250718111120562593,2025-07-18 11:11:20.562593,9,-1.251977157901292,0.581754841453467,1.8297188080183509,-0.2088800055789761,53.99999879300594,2.2921074180494334,155.07717255800802,52.96514173893444
20250718111120562593,2025-07-18 11:11:20.562593,10,-1.3092679193407042,0.6219407508556863,2.1176880674055107,-0.0697200018621515,41.11999908089638,2.5662415188406094,154.5909076273373,55.609784074671744
20250718111120562593,2025-07-18 11:11:20.562593,11,-1.3668151161686637,0.5732049688759341,2.3256669627451387,0.0697200018621515,14.759999670088291,2.75780244392803,157.24815251253315,57.49071997537578
20250718111120562593,2025-07-18 11:11:20.562593,12,-1.422269466719252,0.5742902896719664,1.6177552785229137,-0.2088800055789761,8.239999815821648,2.2293030108000407,158.01190994199033,46.52524613086115
20250718111120562593,2025-07-18 11:11:20.562593,13,-1.1818217961420303,0.5638385016692443,1.780219163329853,-0.2088800055789761,35.51999920606613,2.209931420494273,154.4945332522252,53.66379503363167
20250718111120562593,2025-07-18 11:11:20.562593,14,-1.2396074982586625,0.6058225028539281,1.823269897582392,-0.2088800055789761,58.35999869555235,2.2864734361311534,153.9542582109686,52.8840271151092
20250718111120562593,2025-07-18 11:11:20.562593,15,-1.291572697942381,0.6596268633485377,2.107590103997183,-0.0697200018621515,43.87999901920557,2.558359568041218,152.94587112255903,55.4675506701557
20250718111120562593,2025-07-18 11:11:20.562593,16,-1.3521206678468205,0.6126022772447512,2.3151104857837543,0.0697200018621515,15.75999964773655,2.750136071522621,155.62625255789197,57.33245931903256
20250718111120562593,2025-07-18 11:11:20.562593,17,-1.4090408876507745,0.5728532451985728,1.5696353450104747,-0.2088800055789761,8.51999980956316,2.185706334325902,157.87553168852642,45.90083425147021
20250718111120562593,2025-07-18 11:11:20.562593,18,-1.1138419312469383,0.5586102667288496,1.7848927616413377,-0.2088800055789761,12.879999712109566,2.176816815549353,153.36547318844987,55.08033208024767
20250718111120562593,2025-07-18 11:11:20.562593,19,-1.1695560491997807,0.5865518241591381,1.7741331469112582,-0.2088800055789761,38.1199991479516,2.204416661526005,153.3654731884499,53.591759925147535
20250718111120562593,2025-07-18 11:11:20.562593,20,-1.2252701671526227,0.6144933815894266,1.763373532181179,-0.2088800055789761,60.63999864459038,2.2334671057637165,153.36547318844987,52.14095251109299
20250718111120562593,2025-07-18 11:11:20.562593,21,-1.2791291195855925,0.6844587633013848,2.100936416458287,0.0697200018621515,45.11999899148941,2.553152743028208,151.84887682862944,55.374065175626896
20250718111120562593,2025-07-18 11:11:20.562593,22,-1.3362094022437143,0.6515561096196013,2.304672837856816,0.0697200018621515,16.759999625384808,2.7425349259730725,154.00543033459388,57.17646563779319
20250718111120562593,2025-07-18 11:11:20.562593,23,-1.3884682489878797,0.6133890793910103,1.5587738009740892,-0.2088800055789761,8.639999806880951,2.1757449307689605,156.16540799880818,45.76069920816946
20250718111120562593,2025-07-18 11:11:20.562593,24,-1.1017149655431049,0.5800116158957614,1.7791582874151273,-0.2088800055789761,13.23999970406294,2.171541745293787,152.23487727277575,55.01543282235423
20250718111120562593,2025-07-18 11:11:20.562593,25,-1.1535822034678682,0.5935583614460417,1.7174105427158823,-0.2088800055789761,39.759999111294746,2.1523388211041388,152.77259637045643,52.9326556347494
20250718111120562593,2025-07-18 11:11:20.562593,26,-1.211930025362166,0.6380357119106399,1.757065383783663,-0.2088800055789761,60.11999865621328,2.227811194634431,152.23487727277575,52.06380062742285
20250718111120562593,2025-07-18 11:11:20.562593,27,-1.266173906658669,0.7090453215970316,2.094348468018308,0.0697200018621515,44.75999899953604,2.547986878983592,150.7515893212805,55.281685543471966
20250718111120562593,2025-07-18 11:11:20.562593,28,-1.31909563842377,0.6900314101822187,2.294363412142518,0.0697200018621515,17.519999608397484,2.735006419978742,152.3855083552355,57.02285563751177
20250718111120562593,2025-07-18 11:11:20.562593,29,-1.3716304583896768,0.6347921527441822,1.5369237554110513,-0.2088800055789761,8.639999806880951,2.1555662415046952,155.16524618986904,45.47972127247645
20250718111120562593,2025-07-18 11:11:20.562593,30,-1.0891473285620898,0.6011744255716033,1.773487729652912,-0.2088800055789761,13.519999697804453,2.16631283994365,151.1027095892468,54.95152625373789
20250718111120562593,2025-07-18 11:11:20.562593,31,-1.1404228992790604,0.6157174873370058,1.711473022828419,-0.2088800055789761,40.23999910056591,2.146814458979187,151.63526683897865,52.86498617123918
20250718111120562593,2025-07-18 11:11:20.562593,32,-1.1947492019560708,0.6450484088765016,1.6977284690298104,-0.2088800055789761,56.99999872595072,2.173889385392706,151.63526683897865,51.348886090214535
20250718111120562593,2025-07-18 11:11:20.562593,33,-1.2457931633319794,0.7454436587150118,2.084595562981709,0.0697200018621515,42.75999904423952,2.5403199631790776,149.1050175941456,55.14525646682918
20250718111120562593,2025-07-18 11:11:20.562593,34,-1.3070259694035369,0.7153986420349918,2.287566282853354,0.0697200018621515,18.11999959498644,2.7300314284213427,151.30597596793717,56.92182972030135
20250718111120562593,2025-07-18 11:11:20.562593,35,-1.3570183622823435,0.6689261996433122,2.4580498921839995,0.1391600037168245,8.639999806880951,2.886342039434424,153.75955097371204,58.38767608327278
20250718111120562593,2025-07-18 11:11:20.562593,36,-1.0761440471908952,0.6220902309150503,1.7678833565020886,-0.2088800055789761,13.519999697804453,2.161132533627087,149.9689361642666,54.88863085084604
20250718111120562593,2025-07-18 11:11:20.562593,37,-1.126807441156368,0.6376179802685004,1.7056048034335811,-0.2088800055789761,39.51999911665917,2.141340571628612,150.4961096603587,52.79836139446101
20250718111120562593,2025-07-18 11:11:20.562593,38,-1.1804851445290967,0.6679921751485476,1.6915807053858871,-0.2088800055789761,51.87999884039164,2.1682260042134414,150.4961096603587,51.27596666185969
20250718111120562593,2025-07-18 11:11:20.562593,39,-1.2315819773901886,0.7693740621638413,2.0781834307030445,0.0697200018621515,39.63999911397696,2.5352666499229413,148.00681824395704,55.05577437080039
20250718111120562593,2025-07-18 11:11:20.562593,40,-1.2879427950065256,0.7529996715333515,2.27749111736469,0.0697200018621515,18.35999958962202,2.7226404349846898,149.68717882316233,56.77244494893343
20250718111120562593,2025-07-18 11:11:20.562593,41,-1.3405826925137645,0.7080143683439686,2.447576248947047,0.1391600037168245,8.51999980956316,2.879075510586456,152.15970631575564,58.22535008044917
20250718111120562593,2025-07-18 11:11:20.562593,42,-1.0627103225684615,0.6427506658832131,1.7623474096370937,-0.2088800055789761,13.35999970138073,2.1560032561296034,148.83352503749808,54.8267643867849
20250718111120562593,2025-07-18 11:11:20.562593,43,-1.1148933730334782,0.6318115472517069,1.6525130714777,-0.2088800055789761,37.63999915868044,2.091165348765904,150.4597148263742,52.20752373131786
20250718111120562593,2025-07-18 11:11:20.562593,44,-1.1680035261830677,0.6619091411991146,1.6359598436644556,-0.2088800055789761,45.87999897450209,2.116298787615222,150.45971482637418,50.626654095349366
20250718111120562593,2025-07-18 11:11:20.562593,45,-1.216878175100337,0.7930251589696323,2.0718461384138225,0.0697200018621515,35.759999200701714,2.5302624008301207,146.90818680758028,54.96750302825094
20250718111120562593,2025-07-18 11:11:20.562593,46,-1.274575652471827,0.7777525235682472,2.2708586106515725,0.0697200018621515,18.35999958962202,2.717763954312653,148.60824652157373,56.67433864225572
20250718111120562593,2025-07-18 11:11:20.562593,47,-1.3289543804324766,0.7338009753568203,2.4406667484224145,0.1391600037168245,8.359999813139439,2.8742716979367366,151.09409397610105,58.1185437082889
20250718111120562593,2025-07-18 11:11:20.562593,48,-1.0459136657033612,0.6481860185923177,1.7086584631579735,-0.0697200018621515,13.119999706745148,2.1056101857953125,148.21218605725153,54.24068713557941
20250718111120562593,2025-07-18 11:11:20.562593,49,-1.1006669492041408,0.6532129295070036,1.6467785883854835,-0.2088800055789761,34.879999220371246,2.0856736522069697,149.3121357343347,52.14504297752944
20250718111120562593,2025-07-18 11:11:20.562593,50,-1.1530993984883902,0.6843300206697362,1.629952187116707,-0.2088800055789761,39.87999910861254,2.110613638795757,149.3121357343347,50.55768532919871
20250718111120562593,2025-07-18 11:11:20.562593,51,-1.2016876377870291,0.8163874890094298,2.0655862209463494,0.0697200018621515,31.75999929010868,2.5253095151257625,145.8090872665052,54.8804711878576
20250718111120562593,2025-07-18 11:11:20.562593,52,-1.260698696693045,0.8022422090549992,2.264296619202505,0.0697200018621515,18.11999959498644,2.712930693100154,147.52947401649635,56.5774564670946
20250718111120562593,2025-07-18 11:11:20.562593,53,-1.310516741474176,0.7720468428508912,2.430418799113551,0.1391600037168245,8.119999818503857,2.867132015852196,149.49696568868694,57.9605367613256
20250718111120562593,2025-07-18 11:11:20.562593,54,-1.0388464439921885,0.6582547204311122,1.7059605626314387,-0.0697200018621515,12.639999717473984,2.103046041440565,147.64001533982645,54.21192523348813
20250718111120562593,2025-07-18 11:11:20.562593,55,-1.0860002732901657,0.6743352165528671,1.6411188886292465,-0.2088800055789761,31.63999929279089,2.080239357498413,148.16242061989763,52.08364272617676
20250718111120562593,2025-07-18 11:11:20.562593,56,-1.1377340464293884,0.7064585096780555,1.6240228763572069,-0.2088800055789761,34.23999923467636,2.1049875746029154,148.16242061989763,50.489847237478926
20250718111120562593,2025-07-18 11:11:20.562593,57,-1.1939117347113106,0.8279574416839423,2.0624860614707474,0.0697200018621515,27.759999379515648,2.5228530494823325,145.25935116350766,54.83742891465555
20250718111120562593,2025-07-18 11:11:20.562593,58,-1.2463174782672186,0.8264589324463754,2.257807767726458,0.0697200018621515,17.519999608397484,2.708142821134198,146.45081773141655,56.4818298078978
20250718111120562593,2025-07-18 11:11:20.562593,59,-1.2908997259584931,0.8097412993973429,2.420318599922799,0.1391600037168245,7.879999823868275,2.8600778310321675,147.90122857467307,57.80527424717517
20250718111120562593,2025-07-18 11:11:20.562593,60,-1.0244010663522252,0.6781848248895518,1.700620307236732,-0.0697200018621515,12.11999972909689,2.0979613034658207,146.49422289796846,54.15519495485225
20250718111120562593,2025-07-18 11:11:20.562593,61,-1.0694456257433602,0.6907607139188698,1.623096935999308,-0.2088800055789761,28.359999366104603,2.062839783881835,147.14136401847023,51.88992095762546
20250718111120562593,2025-07-18 11:11:20.562593,62,-1.1210854698303108,0.6936796122555391,1.5563141328820662,-0.2088800055789761,29.35999934375286,2.0396415654060647,148.25255470016756,49.73232849971037
20250718111120562593,2025-07-18 11:11:20.562593,63,-1.178002547562951,0.8508691375300214,2.0563468910715628,0.0697200018621515,24.23999945819378,2.5179814986781706,144.15948564848418,54.75230902716154
20250718111120562593,2025-07-18 11:11:20.562593,64,-1.231437749489715,0.8503930073763373,2.251394651677389,0.0697200018621515,16.639999628067017,2.7034024997148345,145.37223564428444,56.3874895242083
20250718111120562593,2025-07-18 11:11:20.562593,65,-1.277175181231228,0.8345478244995326,2.413671711554645,0.1391600037168245,7.639999829232693,2.855426000807769,146.8380925374525,57.70334579819613
20250718111120562593,2025-07-18 11:11:20.562593,66,-1.2160654620533846,0.8740348605344579,2.245059836216095,0.0697200018621515,15.639999650418758,2.6987118804383767,144.29368731327563,56.29446594701366
20250718111120562593,2025-07-18 11:11:20.562593,67,-1.494817136268427,0.9473858950119186,1.3176199011473535,0.0697200018621515,4.999999888241291,2.206386300911252,147.6342757237497,36.66852383731722
20250718111120562593,2025-07-18 11:11:20.562593,68,-1.4802542021902,0.9180399743564248,1.2491930963014974,0.0697200018621515,5.359999880194664,2.143462920011777,148.19319303887826,35.64715939256448
20250718111120562593,2025-07-18 11:11:20.562593,69,-1.37709717069028,1.0423234010802982,1.215891452478263,0.0697200018621515,6.519999854266644,2.112161621224208,142.87795933711698,35.146014584607805
20250718111120562593,2025-07-18 11:11:20.562593,70,-1.2565277503182506,1.0385378885035734,1.1607743830356578,0.0697200018621515,7.35999983549118,2.0012046625693025,140.42578884616296,35.45320250077342
20250718111120562593,2025-07-18 11:11:20.562593,71,-1.1785736795217308,1.0799744251153822,1.2394707873928037,-0.0697200018621515,8.119999818503857,2.0227873120436635,137.49971931483051,37.78889438015921
20250718111120620417,2025-07-18 11:11:20.620417,1,-1.1614378294733791,0.4982600980982615,1.9580542635735885,-0.1391600037168245,15.639999650418758,2.330488673258772,156.7805314724555,57.16023325662235
20250718111120620417,2025-07-18 11:11:20.620417,2,-1.222465524843513,0.4969112860629474,1.85310737145532,-0.2088800055789761,30.119999326765537,2.274939497171233,157.87910056795388,54.5452967033837
20250718111120620417,2025-07-18 11:11:20.620417,3,-1.280921711213128,0.477382455669554,1.7426544257898064,-0.2088800055789761,57.759998708963394,2.2148360858002705,159.56024572747137,51.88836076026803
20250718111120620417,2025-07-18 11:11:20.620417,4,-1.3386884971115718,0.4688718374240992,1.6791954314991355,-0.2088800055789761,64.87999854981899,2.198095764382402,160.69733922242483,49.81206078480225
20250718111120620417,2025-07-18 11:11:20.620417,5,1.205391108186063,0.8363871896685852,2.387679266945141,0.0697200018621515,32.35999927669764,2.8024138767383064,34.75569949206463,58.43075562089754
20250718111120620417,2025-07-18 11:11:20.620417,6,1.255632286171413,0.8712481384307189,2.4038378920748147,0.0697200018621515,7.639999829232693,2.8485298608527403,34.75569949206463,57.55290400297663
20250718111120620417,2025-07-18 11:11:20.620417,7,-1.15136343300418,0.5206007869984965,1.9520680940244155,-0.1391600037168245,17.879999600350857,2.325345733002028,155.66940764851452,57.08465366943428
20250718111120620417,2025-07-18 11:11:20.620417,8,-1.2063778462393788,0.5321051629587045,1.843677200562581,-0.2088800055789761,36.75999917834997,2.2666338549088043,156.19884159655209,54.42934266933828
20250718111120620417,2025-07-18 11:11:20.620417,9,-1.264516055332597,0.5142657823048492,1.7327715682037057,-0.2088800055789761,70.63999842107296,2.205893799941117,157.8689259016127,51.76870812995067
20250718111120620417,2025-07-18 11:11:20.620417,10,-1.3220107719385876,0.5074253002148404,1.668865062278933,-0.2088800055789761,80.35999820381403,2.188676200929468,159.0017787557905,49.685068938326125
20250718111120620417,2025-07-18 11:11:20.620417,11,1.2757793909892663,0.7044396521296694,2.4230345030719684,0.0697200018621515,38.519999139010906,2.8275332855764463,28.905906023898964,58.97504265429682
20250718111120620417,2025-07-18 11:11:20.620417,12,1.3289543804324766,0.7338009753568203,2.4406667484224145,0.0697200018621515,8.119999818503857,2.8742716979367366,28.90590602389896,58.1185437082889
20250718111120620417,2025-07-18 11:11:20.620417,13,-1.1353896542198303,0.5537357793989628,1.943189599569499,-0.1391600037168245,20.51999954134226,2.317696874090974,154.00125379954255,56.97302314886242
20250718111120620417,2025-07-18 11:11:20.620417,14,-1.1945706459586451,0.5688227227283238,1.888815864934308,-0.2088800055789761,44.519999004900455,2.306118750130977,154.53745418083508,54.98934462394252
20250718111120620417,2025-07-18 11:11:20.620417,15,-1.252945787177611,0.5385834064579441,1.7262556804500404,-0.2088800055789761,84.99999810010195,2.199978160256142,156.7393689705886,51.69011791003535
20250718111120620417,2025-07-18 11:11:20.620417,16,-1.3102303620215394,0.5328516441200707,1.6620520939630503,-0.2088800055789761,98.87999778985976,2.182441669152126,157.86913905138744,49.60158621704948
20250718111120620417,2025-07-18 11:11:20.620417,17,1.307719949882394,0.6295531244311717,2.443100287692752,0.0697200018621515,45.639998979866505,2.841690978893706,25.706759179162628,59.2868059484381
20250718111120620417,2025-07-18 11:11:20.620417,18,1.3622262344491558,0.6557931475746785,2.461568882879946,0.0697200018621515,8.51999980956316,2.8887793843404266,25.70675917916263,58.44233161811593
20250718111120620417,2025-07-18 11:11:20.620417,19,-1.1241718907839506,0.5755621949872125,1.9373412291389616,-0.1391600037168245,23.35999947786331,2.312644658923831,152.8881113664327,56.8997964600089
20250718111120620417,2025-07-18 11:11:20.620417,20,-1.1827681684003848,0.5917868172762287,1.882662654345285,-0.2088800055789761,52.999998815357685,2.3007761402078133,153.41934355846195,54.91227149442824
20250718111120620417,2025-07-18 11:11:20.620417,21,-1.2346522080702105,0.5746286363205233,1.716597390217368,-0.2088800055789761,98.35999780148268,2.1911802172969046,155.04191136770322,51.57406690828233
20250718111120620417,2025-07-18 11:11:20.620417,22,-1.2915786370477995,0.5705517884396668,1.651950370738078,-0.2088800055789761,118.63999734818935,2.173164684590569,156.16666947347946,49.47820388645119
20250718111120620417,2025-07-18 11:11:20.620417,23,1.3264054034405477,0.5786589453282371,2.456737341882828,0.0697200018621515,53.51999880373478,2.8512726695786523,23.56976593873849,59.49990756718778
20250718111120620417,2025-07-18 11:11:20.620417,24,1.3816905050996016,0.6027776789638292,2.4757743348805805,0.0697200018621515,8.999999798834324,2.898597615984805,23.5697659387385,58.6635692127178
20250718111120620417,2025-07-18 11:11:20.620417,25,-1.1125044736006162,0.5971675493416527,1.931552091887501,-0.1391600037168245,26.359999410808086,2.307632719789499,151.77409020374498,56.8275514336765
20250718111120620417,2025-07-18 11:11:20.620417,26,-1.1704925993659447,0.6145183280059822,1.876571764402508,-0.0697200018621515,60.99999863654375,2.2954753946793804,152.30015445881628,54.8362056179142
20250718111120620417,2025-07-18 11:11:20.620417,27,-1.2218381513356709,0.5983573015527119,1.7102393135309346,-0.2088800055789761,106.99999760836364,2.1853691765757968,153.90813246940326,51.49796037122568
20250718111120620417,2025-07-18 11:11:20.620417,28,-1.2784973335276038,0.595377642973786,1.6452983030642483,-0.2088800055789761,135.11999697983265,2.1670340273415896,155.02928822731462,49.397218844685774
20250718111120620417,2025-07-18 11:11:20.620417,29,-1.3349541293343494,0.5529513299191608,2.46362567667102,0.0697200018621515,60.87999863922596,2.8561003440773822,157.50017495050875,59.60793313309799
20250718111120620417,2025-07-18 11:11:20.620417,30,-1.3905955452687135,0.5759985599800419,2.482949778186303,0.0697200018621515,9.239999793469906,2.9035443706986266,157.50017495050875,58.77569377777468
20250718111120620417,2025-07-18 11:11:20.620417,31,1.39682746116879,0.6749626249947543,2.544090760196396,0.0697200018621515,4.999999888241291,2.9797817533389472,25.79035205017122,58.62568351972071
20250718111120620417,2025-07-18 11:11:20.620417,32,-1.1003920694809288,0.6185432006089955,1.925824503392728,-0.1391600037168245,28.999999351799488,2.302663330898372,150.659152007077,56.75631029803157
20250718111120620417,2025-07-18 11:11:20.620417,33,-1.151202991321714,0.6481596363673583,1.8675576029947512,-0.0697200018621515,66.23999851942062,2.287608061261244,150.61926628314615,54.7240483793765
20250718111120620417,2025-07-18 11:11:20.620417,34,-1.208535375653402,0.6218336891519066,1.7039488344325304,-0.2088800055789761,107.11999760568142,2.179604670928643,152.77259637045643,51.42289193279453
20250718111120620417,2025-07-18 11:11:20.620417,35,-1.2649046481432604,0.6199458379772257,1.6387152750535865,-0.2088800055789761,141.75999683141708,2.160949875312628,153.88993898990134,49.317282443346606
20250718111120620417,2025-07-18 11:11:20.620417,36,-1.3173261330942556,0.6041962816967732,2.449894633226037,0.0697200018621515,65.87999852746725,2.846468865394282,155.36127598616648,59.392853551847374
20250718111120620417,2025-07-18 11:11:20.620417,37,-1.3722328071754497,0.6293794216093405,2.468646419421455,0.0697200018621515,9.63999978452921,2.8936752543359616,155.36127598616648,58.5524363343053
20250718111120620417,2025-07-18 11:11:20.620417,38,-1.432129149865223,0.6407532396772049,2.4910984022531824,0.0697200018621515,5.359999880194664,2.943998958178973,155.89563594689665,57.79658907530701
20250718111120620417,2025-07-18 11:11:20.620417,39,-1.0878395232248226,0.639680598814121,1.9201607546135688,-0.0697200018621515,30.999999307096004,2.297738762424343,149.5432601698094,56.68609466654716
20250718111120620417,2025-07-18 11:11:20.620417,40,-1.1377665842152005,0.6702701211802181,1.8616331164448847,-0.0697200018621515,66.9999985024333,2.2824225497808164,149.4972191177993,54.65060557135616
20250718111120620417,2025-07-18 11:11:20.620417,41,-1.1936112960547125,0.6408193074893123,1.6845259552937126,-0.2088800055789761,98.87999778985976,2.161708815955259,151.76978897610192,51.19256464559204
20250718111120620417,2025-07-18 11:11:20.620417,42,-1.2491082350973095,0.6395762348091648,1.6185368690440298,-0.2088800055789761,135.23999697715044,2.1421929744015675,152.8863608837699,49.07357193384087
20250718111120620417,2025-07-18 11:11:20.620417,43,-1.3027204584934091,0.6421606882547691,2.439722101147696,0.0697200018621515,66.87999850511551,2.8393123944620187,153.75955097371204,59.234170307681865
20250718111120620417,2025-07-18 11:11:20.620417,44,-1.3570183622823435,0.6689261996433122,2.4580498921839995,0.0697200018621515,9.879999779164793,2.886342039434424,153.75955097371204,58.38767608327278
20250718111120620417,2025-07-18 11:11:20.620417,45,-1.411316266071278,0.6956917110318555,2.476377683220304,0.0697200018621515,5.639999873936176,2.9339814228497363,153.759550973712,57.56849707532176
20250718111120620417,2025-07-18 11:11:20.620417,46,-1.0748518556832112,0.6605712892799531,1.9145631109739203,-0.0697200018621515,31.87999928742647,2.2928612792292427,148.4263798374775,56.6169255361302
20250718111120620417,2025-07-18 11:11:20.620417,47,-1.1238750856653634,0.6921166299011984,1.8557793620756584,-0.0697200018621515,62.759998597204685,2.2772873508345537,148.37396868716672,54.57825233156043
20250718111120620417,2025-07-18 11:11:20.620417,48,-1.1793608240355349,0.663741221604439,1.6783840469175888,-0.2088800055789761,85.51999808847904,2.1560188708529875,150.6293033516506,51.12019621261659
20250718111120620417,2025-07-18 11:11:20.620417,49,-1.2345291149131303,0.6635671285698109,1.6121085284351635,-0.2088800055789761,118.63999734818935,2.13618289880337,151.74169206862206,48.99635459233321
20250718111120620417,2025-07-18 11:11:20.620417,50,-1.2904626304941396,0.7112274257544099,2.362861153759619,0.0697200018621515,63.11999858915806,2.784645593929924,151.1390197889804,58.05236886397459
20250718111120620417,2025-07-18 11:11:20.620417,51,-1.3405826925137645,0.7080143683439686,2.447576248947047,0.0697200018621515,9.879999779164793,2.879075510586456,152.15970631575564,58.22535008044917
20250718111120620417,2025-07-18 11:11:20.620417,52,-1.3942229615642123,0.7363439010327278,2.4654849617390133,0.0697200018621515,5.759999871253967,2.926546788230491,152.15970631575564,57.40031269281546
20250718111120620417,2025-07-18 11:11:20.620417,53,-1.008341563405964,0.6471331022981995,1.9135839193452948,-0.0697200018621515,5.359999880194664,2.257728366513336,147.30847796047723,57.94839669708718
20250718111120620417,2025-07-18 11:11:20.620417,54,-1.061434261749712,0.6812069160092183,1.909033811456504,-0.0697200018621515,31.63999929279089,2.2880331395587548,147.30847796047723,56.54882328589095
20250718111120620417,2025-07-18 11:11:20.620417,55,-1.11676040642827,0.7029381582844356,1.8528797422845,-0.0697200018621515,55.35999876260757,2.274739369489706,147.81188232922338,54.54249123428442
20250718111120620417,2025-07-18 11:11:20.620417,56,-1.1646386234324315,0.6863832718695395,1.6723171278340705,-0.2088800055789761,71.23999840766191,2.1503836158090763,149.4869009798143,51.04893455545592
20250718111120620417,2025-07-18 11:11:20.620417,57,-1.2194561995652284,0.6872715961200309,1.6057569354980723,-0.2088800055789761,98.23999780416489,2.130227923343323,150.59488842193414,48.92026341393567
20250718111120620417,2025-07-18 11:11:20.620417,58,-1.2720923081672098,0.7483587797657858,2.3529118374383966,0.0697200018621515,55.99999874830246,2.777490561371622,149.53214000745535,57.9015022079641
20250718111120620417,2025-07-18 11:11:20.620417,59,-1.3229405888624677,0.7466087509994236,2.43723491528214,0.0697200018621515,9.519999787211418,2.871882738030756,150.56155251140598,58.06557678374586
20250718111120620417,2025-07-18 11:11:20.620417,60,-1.3821293698756865,0.7631622985839713,2.4582989937728605,0.0697200018621515,5.759999871253967,2.9216317755387298,151.09409397610105,57.28963241897901
20250718111120620417,2025-07-18 11:11:20.620417,61,-0.9951917912808736,0.6664863930908353,1.9083982207065235,-0.0697200018621515,5.359999880194664,2.2531299524004136,146.189523345,57.88672046721037
20250718111120620417,2025-07-18 11:11:20.620417,62,-1.0475921082827595,0.7015792250267315,1.903575067707304,-0.0697200018621515,30.119999326765537,2.28325659371046,146.18952334500003,56.48180767657013
20250718111120620417,2025-07-18 11:11:20.620417,63,-1.102196745268403,0.7243723524857577,1.847136467257844,-0.0697200018621515,46.999998949468136,2.269684140800168,146.68676855323858,54.4718136097507
20250718111120620417,2025-07-18 11:11:20.620417,64,-1.1530993984883902,0.6843300206697362,1.629952187116707,-0.2088800055789761,58.23999869823456,2.110613638795757,149.3121357343347,50.55768532919871
20250718111120620417,2025-07-18 11:11:20.620417,65,-1.2038955180185036,0.7106801559892831,1.599484630785131,-0.2088800055789761,79.23999822884798,2.1243309032586803,149.44591831952877,48.84532349714027
20250718111120620417,2025-07-18 11:11:20.620417,66,-1.259208365129194,0.7728100812124526,2.346360130961872,0.0697200018621515,47.51999893784523,2.7727688314394965,148.46143872333244,57.80240796701444
20250718111120620417,2025-07-18 11:11:20.620417,67,-1.3116926676625855,0.8050211109565633,2.360796558166708,0.0697200018621515,9.119999796152117,2.818147801755136,148.4614387233324,56.89930748271371
20250718111120620417,2025-07-18 11:11:20.620417,68,-1.3629539920819518,0.802938484673013,2.447640996832312,0.0697200018621515,5.519999876618385,2.914326722259431,149.49696568868694,57.12586612916422
20250718111120620417,2025-07-18 11:11:20.620417,69,-0.9816439557261122,0.685581796205341,1.9032816228628449,-0.0697200018621515,5.359999880194664,2.248583596629037,145.06948670208462,57.82609629247671
20250718111120620417,2025-07-18 11:11:20.620417,70,-1.0333309319589337,0.7216800676808771,1.8981890631509404,-0.0697200018621515,27.87999937683344,2.278533882674743,145.06948670208462,56.41589785063894
20250718111120620417,2025-07-18 11:11:20.620417,71,-1.0871922201258968,0.7455209304249986,1.8414697228779573,-0.0697200018621515,38.99999912828207,2.264685214655726,145.5603764481921,54.40227965147017
20250718111120620417,2025-07-18 11:11:20.620417,72,-1.1377340464293884,0.7064585096780555,1.6240228763572069,-0.2088800055789761,47.51999893784523,2.1049875746029154,148.16242061989763,50.489847237478926
20250718111120620417,2025-07-18 11:11:20.620417,73,-1.1878532943378233,0.733783445066149,1.593294123134482,-0.2088800055789761,63.23999858647585,2.118494691033528,148.29475247372224,48.77155923924143
20250718111120620417,2025-07-18 11:11:20.620417,74,-1.238939741404162,0.8090081819115131,2.3366608791120185,0.0697200018621515,39.35999912023544,2.76576390626585,146.85609457396322,57.65607119334686
20250718111120620417,2025-07-18 11:11:20.620417,75,-1.2905792396867408,0.8427279628050243,2.3506930376647928,0.0697200018621515,8.759999804198742,2.810968329691682,146.85609457396322,56.74699409371045
20250718111120620417,2025-07-18 11:11:20.620417,76,-1.3425520477468056,0.8421411963999567,2.4371366618839674,0.0697200018621515,5.119999885559082,2.907109028619673,147.90122857467307,56.96491087744069
20250718111120620417,2025-07-18 11:11:20.620417,77,-0.9747224514248276,0.6950303989243909,1.900749877394673,-0.0697200018621515,5.359999880194664,2.246330609940685,144.50905400001665,57.79618371342432
20250718111120620417,2025-07-18 11:11:20.620417,78,-1.0260449863281538,0.731626172270462,1.8955240124583257,-0.0697200018621515,25.11999943852425,2.2761934126357497,144.50905400001665,56.38336341958776
20250718111120620417,2025-07-18 11:11:20.620417,79,-1.0717528326104826,0.7663754329533381,1.835881775766936,-0.0697200018621515,32.239999279379845,2.2597449707956354,144.4326794976801,54.33390989397235
20250718111120620417,2025-07-18 11:11:20.620417,80,-1.1219136159417429,0.7282857571239076,1.6181742830310966,-0.2088800055789761,38.87999913096428,2.099423329376004,147.01054272090323,50.42316015596904
20250718111120620417,2025-07-18 11:11:20.620417,81,-1.1741363753044531,0.7303308587714997,1.5495958788906132,-0.2088800055789761,50.75999886542559,2.076830946168168,148.11775335249854,48.25666396340517
20250718111120620417,2025-07-18 11:11:20.620417,82,-1.224806734775134,0.8328069381844189,2.330284021587828,0.0697200018621515,32.239999279379845,2.7611487745331966,145.786269708991,57.56009504400174
20250718111120620417,2025-07-18 11:11:20.620417,83,-1.2758571637534055,0.8675186606491072,2.344050390197667,0.1391600037168245,8.119999818503857,2.806238115460116,145.786269708991,56.647077750925206
20250718111120620417,2025-07-18 11:11:20.620417,84,-1.0111660229982964,0.7513047750634841,1.8902511467317624,-0.0697200018621515,22.239999502897263,2.2715556319007746,143.3873436812753,56.31914681051547
20250718111120620417,2025-07-18 11:11:20.620417,85,-1.1658576201360855,0.7416322558651448,1.5465676786660274,-0.1391600037168245,41.11999908089638,2.073912721901148,147.5385029277315,48.22137204978781
20250718111120620417,2025-07-18 11:11:20.620417,86,-1.2101838218046346,0.8563279243504692,2.323981592339452,0.0697200018621515,26.519999407231808,2.756579916873928,144.7167166972855,57.46541981488247
20250718111120620417,2025-07-18 11:11:20.620417,87,-1.260624761988584,0.8920200108184544,2.337485273206318,0.1391600037168245,7.639999829232693,2.8015552631878857,144.71671669728548,56.54849972634042
20250718111120669573,2025-07-18 11:11:20.669573,1,-1.2202259080549682,0.5233114955485455,2.0106790405278674,0.0697200018621515,37.239999167621136,2.4094888238130285,156.78722796239742,56.562111053076464
20250718111120669573,2025-07-18 11:11:20.669573,2,-1.27686068649498,0.5475563126170585,2.068483980613097,0.0697200018621515,89.51999799907207,2.491749808118027,156.7888890198294,56.1124125224217
20250718111120669573,2025-07-18 11:11:20.669573,3,-1.3361342312972762,0.5580458838432952,2.134808645421975,0.0697200018621515,74.99999832361937,2.579549930721872,157.3318013846666,55.85192001486816
20250718111120669573,2025-07-18 11:11:20.669573,4,-1.3974325672532804,0.5530869682163222,2.2099606970936314,0.0697200018621515,25.359999433159828,2.6725735269828195,158.40693772791633,55.78196536884796
20250718111120669573,2025-07-18 11:11:20.669573,5,-1.204597625569929,0.5584471251047164,2.0012644769627324,0.0697200018621515,38.99999912828207,2.4016615368988514,155.12773064911383,56.43750566104229
20250718111120669573,2025-07-18 11:11:20.669573,6,-1.2663825281565768,0.5721229739977682,2.061901363535408,0.0697200018621515,93.3599979132414,2.486460664869941,155.68762407207169,56.02193081774867
20250718111120669573,2025-07-18 11:11:20.669573,7,-1.3204110882811817,0.5965391560148805,2.1244944042295675,0.0697200018621515,75.87999830394983,2.571540565559405,155.68736096705646,55.70589670669624
20250718111120669573,2025-07-18 11:11:20.669573,8,-1.3824089547691545,0.5933667991352477,2.199167748927643,0.0697200018621515,25.359999433159828,2.664484465044868,156.7696997734279,55.62534388413052
20250718111120669573,2025-07-18 11:11:20.669573,9,-1.1935756085002942,0.581612471397307,1.9950573411312456,0.0697200018621515,39.99999910593033,2.396486927670044,154.02068236492929,56.35563361320334
20250718111120669573,2025-07-18 11:11:20.669573,10,-1.249716900628568,0.6085811888865565,2.052132414298476,0.0697200018621515,93.51999790966512,2.4785904948171127,154.0350645111562,55.88804207535181
20250718111120669573,2025-07-18 11:11:20.669573,11,-1.3092679193407042,0.6219407508556863,2.1176880674055107,0.0697200018621515,73.99999834597111,2.5662415188406094,154.5909076273373,55.609784074671744
20250718111120669573,2025-07-18 11:11:20.669573,12,-1.366141267591152,0.6331932199408129,2.18849629163537,0.0697200018621515,24.75999944657088,2.6564622405177043,155.13273483765389,55.47092525342557
20250718111120669573,2025-07-18 11:11:20.669573,13,-1.1820761771227295,0.6045602699561149,1.988908497039341,0.0697200018621515,39.87999910861254,2.3913498736332555,152.91301046731877,56.27475139486573
20250718111120669573,2025-07-18 11:11:20.669573,14,-1.2379807031132068,0.6326113029930835,2.0456935646296044,0.0697200018621515,90.11999798566104,2.473389464342859,152.93285147745812,55.80004888042202
20250718111120669573,2025-07-18 11:11:20.669573,15,-1.291572697942381,0.6596268633485377,2.107590103997183,0.0697200018621515,69.75999844074249,2.558359568041218,152.94587112255903,55.4675506701557
20250718111120669573,2025-07-18 11:11:20.669573,16,-1.3486441455390423,0.6725303895440976,2.1779559288076435,0.0697200018621515,23.75999946892261,2.648514712812718,153.49587545315202,55.31882787156546
20250718111120669573,2025-07-18 11:11:20.669573,17,-1.170103931056257,0.6272813419680938,1.9828204041425617,0.0697200018621515,38.87999913096428,2.386252678686537,151.80467361665788,56.19488515461543
20250718111120669573,2025-07-18 11:11:20.669573,18,-1.219449473490173,0.6682194019528523,2.036152403269327,0.0697200018621515,83.8799981251359,2.4656623444586128,151.27866468364542,55.67003078117085
20250718111120669573,2025-07-18 11:11:20.669573,19,-1.2791291195855925,0.6844587633013848,2.100936416458287,0.0697200018621515,64.11999856680632,2.553152743028208,151.84887682862944,55.374065175626896
20250718111120669573,2025-07-18 11:11:20.669573,20,-1.336304108934735,0.6984658620983503,2.171006539881412,0.0697200018621515,22.359999500215054,2.643261740403418,152.4046148861212,55.21877652840323
20250718111120669573,2025-07-18 11:11:20.669573,21,-1.096801863719299,0.6044368041152911,1.824950797014549,-0.1391600037168245,5.639999873936176,2.213315067935714,151.14126960749104,55.54114961751522
20250718111120669573,2025-07-18 11:11:20.669573,22,-1.1512695610230443,0.6609179831290625,1.9738074933073848,0.0697200018621515,36.999999172985554,2.378686655109908,150.1408350122968,56.07704653125988
20250718111120669573,2025-07-18 11:11:20.669573,23,-1.206484571178238,0.6916529060172562,2.029873414779438,0.0697200018621515,75.99999830126762,2.460563927826625,150.17523553815653,55.58470794354833
20250718111120669573,2025-07-18 11:11:20.669573,24,-1.2613444914708505,0.7231029752520451,2.0312317853652035,-0.1391600037168245,57.6399987116456,2.497953243129289,150.17523553815653,54.40567838213833
20250718111120669573,2025-07-18 11:11:20.669573,25,-1.316793460366764,0.7369091764586335,2.1607056848441983,0.0697200018621515,20.75999953597784,2.635456166991144,150.7675779815257,55.07080414096684
20250718111120669573,2025-07-18 11:11:20.669573,26,-1.1381366379324538,0.6830326855407794,1.9678818766553103,0.0697200018621515,34.639999225735664,2.373699167247119,149.03066538178442,55.99983083814779
20250718111120669573,2025-07-18 11:11:20.669573,27,-1.19303709114565,0.7148312775604846,2.023662788842562,0.0697200018621515,67.63999848812819,2.455510606609974,149.07125027761722,55.50050224146658
20250718111120669573,2025-07-18 11:11:20.669573,28,-1.2472855426301666,0.7473352878449567,2.024738756775194,-0.1391600037168245,51.11999885737896,2.4927491431149047,149.07125027761722,54.3164772991169
20250718111120669573,2025-07-18 11:11:20.669573,29,-1.303126886088989,0.7622165067308695,2.153924606135165,0.0697200018621515,18.999999575316902,2.630305095097434,149.6760584976669,54.97360718778427
20250718111120669573,2025-07-18 11:11:20.669573,30,-1.1245484753819934,0.7048892734871212,1.9620254215657884,0.0697200018621515,31.87999928742647,2.368759573327689,147.9196988491362,55.92371807343913
20250718111120669573,2025-07-18 11:11:20.669573,31,-1.1791124122048848,0.7377452455433758,2.0175230096261534,0.0697200018621515,59.51999866962433,2.4505046872651457,147.96667151791897,55.41744083478964
20250718111120669573,2025-07-18 11:11:20.669573,32,-1.232727696224985,0.7712911742138421,2.01831979636868,-0.1391600037168245,44.99999899417162,2.4875937065513805,147.96667151791897,54.22845987704012
20250718111120669573,2025-07-18 11:11:20.669573,33,-1.285147430420912,0.8028366094781704,2.08158387903859,-0.1391600037168245,17.359999611973763,2.5747120198012867,148.00681824395704,53.94695847849637
20250718111120669573,2025-07-18 11:11:20.669573,34,-1.0639868939987398,0.656626717956167,1.8109665517478368,-0.1391600037168245,5.519999876618385,2.20064231734383,148.31968883067353,55.37881476527728
20250718111120669573,2025-07-18 11:11:20.669573,35,-1.110510508455267,0.7264790046247175,1.9562404705426648,0.0697200018621515,28.999999351799488,2.363870155515967,146.8079015594486,55.84873176202677
20250718111120669573,2025-07-18 11:11:20.669573,36,-1.166418135530502,0.757855819537515,1.997884887117547,0.0697200018621515,51.99999883770943,2.4344241069037302,146.9870446793549,55.15299288056014
20250718111120669573,2025-07-18 11:11:20.669573,37,-1.2176767751995048,0.79496105232399,2.0119774716441228,-0.1391600037168245,39.51999911665917,2.4824893051080417,146.86146355406143,54.14165509457506
20250718111120669573,2025-07-18 11:11:20.669573,38,-1.2698041125767656,0.8275163683936169,2.074970957567801,-0.1391600037168245,15.75999964773655,2.569570061124247,146.90818680758028,53.85401940468374
20250718111120669573,2025-07-18 11:11:20.669573,39,-1.0501114516804575,0.677048020128376,1.8054946803224008,-0.1391600037168245,5.519999876618385,2.1956637090371287,147.1885376627973,55.315718683358845
20250718111120669573,2025-07-18 11:11:20.669573,40,-1.103324596071066,0.7371710959996753,1.953375533293345,0.0697200018621515,26.23999941349029,2.361444973557886,146.2516812905954,55.81166821657791
20250718111120669573,2025-07-18 11:11:20.669573,41,-1.1558836476255718,0.7722877006481252,1.9511544845121769,0.0697200018621515,45.51999898254872,2.3957251766119887,146.2516812905954,54.53120656688891
20250718111120669573,2025-07-18 11:11:20.669573,42,-1.2021387997211908,0.818335454540173,2.005714319446736,-0.1391600037168245,34.639999225735664,2.477438302195689,145.75559240200838,54.05609137503914
20250718111120669573,2025-07-18 11:11:20.669573,43,-1.2539528900407884,0.8518948011496027,2.0684387761980987,-0.1391600037168245,14.239999681711195,2.5644807610015823,145.8090872665052,53.762361114596494
20250718111120669573,2025-07-18 11:11:20.669573,44,-1.0354016662392744,0.7100065648822526,1.849021626495332,-0.1391600037168245,5.359999880194664,2.2349601580060448,145.5603764481921,55.824157342456445
20250718111120669573,2025-07-18 11:11:20.669573,45,-1.0886225063152206,0.7583443844679313,1.9477021677471644,0.0697200018621515,23.75999946892261,2.3566350801422526,145.13857832544244,55.73841440347571
20250718111120669573,2025-07-18 11:11:20.669573,46,-1.140481194716228,0.7944696206325681,1.9452108569657736,0.0697200018621515,39.759999111294746,2.390758166705058,145.13857832544244,54.45287770545984
20250718111120669573,2025-07-18 11:11:20.669573,47,-1.1941891012018022,0.8299089257660308,2.002613217178143,-0.1391600037168245,30.35999932140112,2.474933561151064,145.202397990848,54.01378364321885
20250718111120669573,2025-07-18 11:11:20.669573,48,-1.2458387879830934,0.8639679682003661,2.0652037808367605,-0.1391600037168245,12.879999712109566,2.5619565944999736,145.25935116350766,53.71702179810698
20250718111120669573,2025-07-18 11:11:20.669573,49,-1.0206977645158768,0.7298676218938023,1.8436998723082587,-0.1391600037168245,5.239999882876873,2.230192792367089,144.4326794976801,55.76120234439741
20250718111120724108,2025-07-18 11:11:20.724108,1,-1.2188007020084182,0.5226584429024438,2.0653699534572536,0.0697200018621515,25.23999943584204,2.454465327479172,156.7888890198294,57.29615095117536
20250718111120724108,2025-07-18 11:11:20.724108,2,-1.2780214651775903,0.5337746772742127,2.1289453847563813,0.0697200018621515,29.519999340176582,2.539815489918384,157.3318013846666,56.95350945828342
20250718111120724108,2025-07-18 11:11:20.724108,3,-1.1523105697078784,0.4031902969188588,1.670487728144969,-0.1391600037168245,14.879999667406082,2.0690363250733306,160.7151987319335,53.84022669289912
20250718111120724108,2025-07-18 11:11:20.724108,4,-1.208798994795036,0.5461080364669566,2.059086653798804,0.0697200018621515,25.75999942421913,2.4493400836069377,155.6876240720717,57.21093452624514
20250718111120724108,2025-07-18 11:11:20.724108,5,-1.2629821721156085,0.5705937534926586,2.1190797430175885,0.0697200018621515,29.999999329447743,2.5320347856761742,155.68736096705646,56.81502046455878
20250718111120724108,2025-07-18 11:11:20.724108,6,-1.3204110882811817,0.5965391560148805,2.1244944042295675,-0.0697200018621515,22.75999949127436,2.571540565559405,155.68736096705646,55.70589670669624
20250718111120724108,2025-07-18 11:11:20.724108,7,-1.1928911680874057,0.580908464086359,2.0497619073219275,0.0697200018621515,25.75999942421913,2.441714123163507,154.0350645111562,57.08489267687912
20250718111120724108,2025-07-18 11:11:20.724108,8,-1.2523236553570014,0.5948905514459412,2.112569435627345,0.0697200018621515,29.759999334812164,2.526887200947683,154.5909076273373,56.72389992168858
20250718111120724108,2025-07-18 11:11:20.724108,9,-1.3092679193407042,0.6219407508556863,2.1176880674055107,-0.0697200018621515,22.51999949663877,2.5662415188406094,154.5909076273373,55.609784074671744
20250718111120724108,2025-07-18 11:11:20.724108,10,-1.366141267591152,0.6331932199408129,2.18849629163537,-0.0697200018621515,11.9999997317791,2.6564622405177043,155.13273483765389,55.47092525342557
20250718111120724108,2025-07-18 11:11:20.724108,11,-1.1271435726297037,0.4582463568265666,1.6557355013542592,-0.1391600037168245,14.6399996727705,2.054726844938303,157.87553168852642,53.6893104217284
20250718111120724108,2025-07-18 11:11:20.724108,12,-1.1816886258508703,0.6038459076556913,2.0436158378410907,0.0697200018621515,24.99999944120645,2.436674697478674,152.93285147745812,57.00209333911903
20250718111120724108,2025-07-18 11:11:20.724108,13,-1.235398055931134,0.6309375739507073,2.102910665057646,0.0697200018621515,28.639999359846115,2.519230804042063,152.94587112255903,56.589103018510926
20250718111120724108,2025-07-18 11:11:20.724108,14,-1.291572697942381,0.6596268633485377,2.107590103997183,-0.0697200018621515,21.7599995136261,2.558359568041218,152.94587112255903,55.4675506701557
20250718111120724108,2025-07-18 11:11:20.724108,15,-1.1106867631473498,0.4906724598386413,1.6470469532384855,-0.1391600037168245,14.119999684393406,2.0462522363694604,156.16540799880818,53.60147315202499
20250718111120724108,2025-07-18 11:11:20.724108,16,-1.1700134239407614,0.6265623618244159,2.0375289822916822,0.0697200018621515,23.75999946892261,2.431673530541292,151.8301828441994,56.92030814755677
20250718111120724108,2025-07-18 11:11:20.724108,17,-1.225749329844925,0.6564099004313784,2.03931674966502,0.0697200018621515,26.87999939918518,2.4682277412070217,151.8301828441994,55.71310248546083
20250718111120724108,2025-07-18 11:11:20.724108,18,-1.2791291195855925,0.6844587633013848,2.100936416458287,-0.0697200018621515,20.63999953866005,2.553152743028208,151.84887682862944,55.374065175626896
20250718111120724108,2025-07-18 11:11:20.724108,19,-1.0991593037508955,0.5120186447871462,1.6413272602200482,-0.1391600037168245,13.519999697804453,2.04065417030257,155.02260094082146,53.54408204728891
20250718111120724108,2025-07-18 11:11:20.724108,20,-1.1516246508856258,0.6602028367824672,2.028515044193673,0.0697200018621515,22.11999950557947,2.424248421004563,150.17523553815653,56.79958902774244
20250718111120724108,2025-07-18 11:11:20.724108,21,-1.206484571178238,0.6916529060172562,2.029873414779438,0.0697200018621515,24.879999443888664,2.460563927826625,150.17523553815653,55.58470794354833
20250718111120724108,2025-07-18 11:11:20.724108,22,-1.266173906658669,0.7090453215970316,2.094348468018308,-0.0697200018621515,19.35999956727028,2.547986878983592,150.7515893212805,55.281685543471966
20250718111120724108,2025-07-18 11:11:20.724108,23,-1.316793460366764,0.7369091764586335,2.1607056848441983,-0.0697200018621515,11.119999751448631,2.635456166991144,150.7675779815257,55.07080414096684
20250718111120724108,2025-07-18 11:11:20.724108,24,-1.0852716277682453,0.5288754938702923,1.6239194131069852,-0.1391600037168245,12.879999712109566,2.023521201846182,154.01906045664947,53.371573775560606
20250718111120724108,2025-07-18 11:11:20.724108,25,-1.1387886396611338,0.6823272672760126,2.022586820909929,0.0697200018621515,20.239999547600743,2.4193527054995805,149.07125027761722,56.720452559317295
20250718111120724108,2025-07-18 11:11:20.724108,26,-1.19303709114565,0.7148312775604846,2.023662788842562,0.0697200018621515,22.51999949663877,2.455510606609974,149.07125027761722,55.50050224146658
20250718111120724108,2025-07-18 11:11:20.724108,27,-1.2457931633319794,0.7454436587150118,2.084595562981709,-0.0697200018621515,17.879999600350857,2.5403199631790776,149.1050175941456,55.14525646682918
20250718111120724108,2025-07-18 11:11:20.724108,28,-1.303126886088989,0.7622165067308695,2.153924606135165,-0.0697200018621515,10.639999762177467,2.630305095097434,149.6760584976669,54.97360718778427
20250718111120724108,2025-07-18 11:11:20.724108,29,-1.0728915655287683,0.549722443964801,1.6183334896645096,-0.1391600037168245,12.11999972909689,2.0179926562183312,152.87054854497634,53.31692255504405
20250718111120724108,2025-07-18 11:11:20.724108,30,-1.125497128184785,0.7041993168729096,2.016726222883627,0.0697200018621515,18.35999958962202,2.414503079621753,147.96667151791897,56.64241943250727
20250718111120724108,2025-07-18 11:11:20.724108,31,-1.1791124122048848,0.7377452455433758,2.0175230096261534,0.0697200018621515,20.239999547600743,2.4505046872651457,147.96667151791897,55.41744083478964
20250718111120724108,2025-07-18 11:11:20.724108,32,-1.2315819773901886,0.7693740621638413,2.0781834307030445,0.0697200018621515,16.359999634325504,2.5352666499229413,148.00681824395704,55.05577437080039
20250718111120724108,2025-07-18 11:11:20.724108,33,-1.2889390784548724,0.7872547753716987,2.147215622272981,-0.0697200018621515,9.999999776482582,2.625198841582631,148.58436041494755,54.877609175975
20250718111120724108,2025-07-18 11:11:20.724108,34,-1.0600823609872942,0.5703260763208129,1.6128127630135685,-0.1391600037168245,11.239999748766422,2.012513715219688,151.71967447994209,53.26325260775632
20250718111120724108,2025-07-18 11:11:20.724108,35,-1.1117554328837147,0.7258102370453344,2.0109355942757325,0.0697200018621515,16.639999628067017,2.409701767246593,146.8614635540614,56.56551384877655
20250718111120724108,2025-07-18 11:11:20.724108,36,-1.1647161040416096,0.7603856446846622,2.011456532959928,0.0697200018621515,18.11999959498644,2.4455484692893634,146.8614635540614,55.33555032102333
20250718111120724108,2025-07-18 11:11:20.724108,37,-1.216878175100337,0.7930251589696323,2.0718461384138225,0.0697200018621515,14.999999664723871,2.5302624008301207,146.90818680758028,54.96750302825094
20250718111120724108,2025-07-18 11:11:20.724108,38,-1.2742357123980452,0.8120139674079517,2.14058141676162,-0.0697200018621515,9.519999787211418,2.620139716847432,147.4924431694043,54.78284200070172
20250718111120724108,2025-07-18 11:11:20.724108,39,-1.0468491376546225,0.5906781497604657,1.6073594413711143,-0.1391600037168245,10.519999764859676,2.007086985503502,150.56640458704962,53.21057737530865
20250718111120724108,2025-07-18 11:11:20.724108,40,-1.0975690502525777,0.7471513837137457,2.0052172512603774,0.0697200018621515,14.879999667406082,2.4049509839100534,145.75559240200838,56.48975943550296
20250718111120724108,2025-07-18 11:11:20.724108,41,-1.1498539249868842,0.7827434191269594,2.005465785353557,0.0697200018621515,16.119999639689922,2.4406442438868603,145.75559240200838,55.25485673205499
20250718111120724108,2025-07-18 11:11:20.724108,42,-1.2016876377870291,0.8163874890094298,2.0655862209463494,0.0697200018621515,13.639999695122242,2.5253095151257625,145.8090872665052,54.8804711878576
20250718111120724108,2025-07-18 11:11:20.724108,43,-1.259022669068626,0.8364841794933745,2.1340246431947127,-0.0697200018621515,8.879999801516533,2.615130023829353,146.40026778804855,54.68933702876284
20250718111120724108,2025-07-18 11:11:20.724108,44,-1.0331971886434088,0.6107705237261049,1.6019757059929975,-0.1391600037168245,9.759999781847,2.001715071099048,149.4107075887973,53.15890943837726
20250718111120724108,2025-07-18 11:11:20.724108,45,-1.0886225063152206,0.7583443844679313,1.9477021677471644,0.0697200018621515,13.35999970138073,2.3566350801422526,145.13857832544244,55.73841440347571
20250718111120724108,2025-07-18 11:11:20.724108,46,-1.1422499843711238,0.7938135229434753,2.0024995599757927,0.0697200018621515,14.359999679028988,2.43821234180024,145.202397990848,55.21496676394881
20250718111120724108,2025-07-18 11:11:20.724108,47,-1.1939117347113106,0.8279574416839423,2.0624860614707474,0.0697200018621515,12.359999723732471,2.5228530494823325,145.25935116350766,54.83742891465555
20250718111120724108,2025-07-18 11:11:20.724108,48,-1.2433060334808352,0.8606556238698362,2.127547924194146,0.0697200018621515,8.239999815821648,2.610172056691176,145.30779692282078,54.59712509370082
20250718111120779227,2025-07-18 11:11:20.779227,1,-1.105996393687268,0.4495685802169952,1.867102413828433,-0.0697200018621515,4.999999888241291,2.2161704255069217,157.8791005679539,57.40404673200064
20250718111120779227,2025-07-18 11:11:20.779227,2,-1.1642309592653906,0.4732399331399712,1.8601048926418764,-0.0697200018621515,24.51999945193529,2.244856336708561,157.8791005679539,55.95596354256831
20250718111120779227,2025-07-18 11:11:20.779227,3,-1.222465524843513,0.4969112860629474,1.85310737145532,-0.0697200018621515,45.639998979866505,2.274939497171233,157.87910056795388,54.5452967033837
20250718111120779227,2025-07-18 11:11:20.779227,4,-1.2807000904216357,0.5205826389859234,1.8461098502687625,-0.0697200018621515,50.23999887704849,2.306365232325289,157.8791005679539,53.172258510083786
20250718111120779227,2025-07-18 11:11:20.779227,5,-1.337328202256296,0.5285487536342677,1.7831296288541911,-0.0697200018621515,35.879999198019505,2.2907120680731743,158.4347101889288,51.115881504091504
20250718111120779227,2025-07-18 11:11:20.779227,6,-1.395492898005109,0.5515370353378037,1.7736972403549838,-0.0697200018621515,11.239999748766422,2.3232725690660567,158.4347101889288,49.76909492637561
20250718111120779227,2025-07-18 11:11:20.779227,7,-1.1489096490828052,0.5067572800310914,1.851123946609967,-0.0697200018621515,25.23999943584204,2.23684067119966,156.19884159655209,55.8490870093315
20250718111120779227,2025-07-18 11:11:20.779227,8,-1.2063778462393788,0.5321051629587045,1.843677200562581,-0.0697200018621515,44.63999900221825,2.2666338549088043,156.19884159655209,54.42934266933828
20250718111120779227,2025-07-18 11:11:20.779227,9,-1.2638460433959526,0.5574530458863174,1.8362304545151948,-0.0697200018621515,46.23999896645546,2.297782191998323,156.19884159655209,53.04726003353679
20250718111120779227,2025-07-18 11:11:20.779227,10,-1.3257281198609432,0.554272759315799,1.7762369023057314,-0.0697200018621515,31.75999929010868,2.2846861650174715,157.3107164340228,51.02799388252937
20250718111120779227,2025-07-18 11:11:20.779227,11,-1.3833882907952422,0.578379860589118,1.7665047270063243,-0.0697200018621515,10.359999768435957,2.317072587723604,157.3107164340228,49.67503546942441
20250718111120779227,2025-07-18 11:11:20.779227,12,-1.138120141025294,0.5288490273313509,1.84520448076147,-0.0697200018621515,25.11999943852425,2.2315416924043694,155.07717255800802,55.77897944589781
20250718111120779227,2025-07-18 11:11:20.779227,13,-1.195048649463293,0.555301934392409,1.8374616443899103,-0.0697200018621515,41.51999907195568,2.2611428100692947,155.07717255800802,54.353220008913375
20250718111120779227,2025-07-18 11:11:20.779227,14,-1.251977157901292,0.581754841453467,1.8297188080183509,-0.0697200018621515,40.51999909430742,2.2921074180494334,155.07717255800802,52.96514173893444
20250718111120779227,2025-07-18 11:11:20.779227,15,-1.3073352413763497,0.5924257785254313,1.7660138316197012,-0.0697200018621515,27.519999384880062,2.275719356572361,155.6220952501812,50.89800406785555
20250718111120779227,2025-07-18 11:11:20.779227,16,-1.36419544699234,0.6181922770585127,1.755837022164619,-0.0697200018621515,9.359999790787697,2.3078463028142355,155.6220952501812,49.53582907422999
20250718111120779227,2025-07-18 11:11:20.779227,17,-1.126875400106455,0.5507279330401091,1.839342045645532,-0.0697200018621515,24.119999460875988,2.226281335428028,153.9542582109686,55.70981252628162
20250718111120779227,2025-07-18 11:11:20.779227,18,-1.183241449182559,0.5782752179470186,1.8313059716139617,-0.0697200018621515,36.87999917566776,2.255691494071002,153.9542582109686,54.27807053151604
20250718111120779227,2025-07-18 11:11:20.779227,19,-1.2396074982586625,0.6058225028539281,1.823269897582392,-0.0697200018621515,34.51999922841787,2.2864734361311534,153.9542582109686,52.8840271151092
20250718111120779227,2025-07-18 11:11:20.779227,20,-1.294418638327658,0.6175576283581234,1.7592797727527312,-0.0697200018621515,23.35999947786331,2.269793460738276,154.4945332522252,50.81261608613879
20250718111120779227,2025-07-18 11:11:20.779227,21,-1.3507170594204716,0.6444171917025631,1.7488100774641702,-0.0697200018621515,8.639999806880951,2.301748634975492,154.4945332522252,49.44432843358068
20250718111120779227,2025-07-18 11:11:20.779227,22,-1.1089982392098798,0.5797677484131759,1.8184713101948369,-0.0697200018621515,22.359999500215054,2.207452296805624,152.40010225745195,55.46574059064901
20250718111120779227,2025-07-18 11:11:20.779227,23,-1.1646447749622213,0.6122960279019046,1.8221901230606967,-0.0697200018621515,31.87999928742647,2.2475944300988138,152.26746594095252,54.16722397750584
20250718111120779227,2025-07-18 11:11:20.779227,24,-1.2252701671526227,0.6144933815894266,1.763373532181179,-0.0697200018621515,28.999999351799488,2.2334671057637165,153.36547318844987,52.14095251109299
20250718111120779227,2025-07-18 11:11:20.779227,25,-1.280984285105465,0.642434939019715,1.7526139174510995,-0.0697200018621515,19.879999555647373,2.263912306871384,153.36547318844987,50.72828016723828
20250718111120779227,2025-07-18 11:11:20.779227,26,-1.336698403058307,0.6703764964500033,1.7418543027210205,-0.0697200018621515,7.759999826550484,2.295696774323417,153.3654731884499,49.353908714253336
20250718111120779227,2025-07-18 11:11:20.779227,27,-1.1017149655431049,0.5800116158957614,1.7791582874151273,-0.0697200018621515,20.359999544918537,2.171541745293787,152.23487727277575,55.01543282235423
20250718111120779227,2025-07-18 11:11:20.779227,28,-1.1516636414023722,0.634670594435807,1.8161948760269413,-0.0697200018621515,27.119999393820763,2.242253271616788,151.14126960749104,54.09461229599732
20250718111120779227,2025-07-18 11:11:20.779227,29,-1.211930025362166,0.6380357119106399,1.757065383783663,-0.0697200018621515,24.23999945819378,2.227811194634431,152.23487727277575,52.06380062742285
20250718111120779227,2025-07-18 11:11:20.779227,30,-1.2670375552716966,0.6670477599180791,1.7460189319679311,-0.0697200018621515,16.8799996227026,2.2580786060877154,152.23487727277575,50.64502524924027
20250718111120779227,2025-07-18 11:11:20.779227,31,-1.322145085181227,0.6960598079255182,1.7349724801521988,-0.0697200018621515,6.999999843537808,2.289693514286061,152.23487727277575,49.26460187706271
20250718111120779227,2025-07-18 11:11:20.779227,32,-1.0891473285620898,0.6011744255716033,1.773487729652912,-0.0697200018621515,18.23999959230423,2.16631283994365,151.1027095892468,54.95152625373789
20250718111120779227,2025-07-18 11:11:20.779227,33,-1.1436262281520877,0.6312450324655567,1.7621576378383974,-0.0697200018621515,22.99999948590994,2.1935247391634345,151.1027095892468,53.45074631314476
20250718111120779227,2025-07-18 11:11:20.779227,34,-1.1981051277420856,0.6613156393595098,1.7508275460238831,-0.0697200018621515,20.359999544918537,2.222204168815136,151.1027095892468,51.98772125442378
20250718111120779227,2025-07-18 11:11:20.779227,35,-1.2525840273320832,0.6913862462534631,1.7394974542093689,-0.0697200018621515,14.51999967545271,2.252295069531697,151.1027095892468,50.5628796619216
20250718111120779227,2025-07-18 11:11:20.779227,36,-1.307062926922081,0.7214568531474164,1.7281673623948546,-0.0697200018621515,6.359999857842922,2.2837416487716555,151.1027095892468,49.17643931143384
20250718111120779227,2025-07-18 11:11:20.779227,37,-1.0761440471908952,0.6220902309150503,1.7678833565020886,-0.0697200018621515,16.119999639689922,2.161132533627087,149.9689361642666,54.88863085084604
20250718111120779227,2025-07-18 11:11:20.779227,38,-1.129972525628874,0.6532070415954593,1.7562729352278752,-0.0697200018621515,19.63999956101179,2.188152638843992,149.9689361642666,53.38181154292559
20250718111120779227,2025-07-18 11:11:20.779227,39,-1.1838010040668527,0.684323852275868,1.7446625139536618,-0.0697200018621515,17.11999961733818,2.216648650467296,149.9689361642666,51.9127390059471
20250718111120779227,2025-07-18 11:11:20.779227,40,-1.2376294825048315,0.7154406629562768,1.7330520926794484,-0.0697200018621515,12.519999720156193,2.2465644068481785,149.9689361642666,50.48187111868636
20250718111120779227,2025-07-18 11:11:20.779227,41,-1.29145796094281,0.7465574736366855,1.721441671405235,-0.0697200018621515,5.879999868571758,2.277843970594957,149.9689361642666,49.089451825784536
20250718111120779227,2025-07-18 11:11:20.779227,42,-1.0627103225684615,0.6427506658832131,1.7623474096370937,-0.0697200018621515,14.119999684393406,2.1560032561296034,148.83352503749808,54.8267643867849
20250718111120779227,2025-07-18 11:11:20.779227,43,-1.115866849181712,0.6749009067824724,1.7504600815703053,-0.0697200018621515,16.759999625384808,2.1828331489716857,148.83352503749808,53.31395281943993
20250718111120779227,2025-07-18 11:11:20.779227,44,-1.1690233757949624,0.7070511476817314,1.7385727535035171,-0.0697200018621515,14.6399996727705,2.2111472582842384,148.83352503749808,51.83887784140464
20250718111120779227,2025-07-18 11:11:20.779227,45,-1.222179902408213,0.7392013885809906,1.7266854254367288,-0.0697200018621515,10.759999759495258,2.240889324608922,148.83352503749808,50.40202670906644
20250718111120779227,2025-07-18 11:11:20.779227,46,-1.2753364290214633,0.7713516294802497,1.7147980973699404,-0.0697200018621515,5.359999880194664,2.2720032698556185,148.83352503749808,49.0036696383243
20250718111120779227,2025-07-18 11:11:20.779227,47,-1.048851528005284,0.6631474665779422,1.7568821033627624,-0.0697200018621515,12.519999720156193,2.1509274314453584,147.69644633126669,54.76594393016894
20250718111120779227,2025-07-18 11:11:20.779227,48,-1.1013148408928557,0.6963179507701565,1.7447214019295436,-0.0697200018621515,14.359999679028988,2.177568790575076,147.69644633126669,53.247190305284136
20250718111120779227,2025-07-18 11:11:20.779227,49,-1.153778153780427,0.7294884349623706,1.7325607004963248,-0.1391600037168245,12.639999717473984,2.205702605926088,147.69644633126669,51.766161060753575
20250718111120779227,2025-07-18 11:11:20.779227,50,-1.2062414666679988,0.7626589191545847,1.7203999990631058,-0.0697200018621515,9.519999787211418,2.235272524693966,147.69644633126669,50.32337289181381
20250718111120779227,2025-07-18 11:11:20.779227,51,-1.0345732068341589,0.6832724745512783,1.751489623728637,-0.0697200018621515,10.99999975413084,2.1459074762924017,146.5576723182986,54.706185844992376
20250718111120779227,2025-07-18 11:11:20.779227,52,-1.086322321371336,0.7174496070268563,1.739059191700829,-0.0697200018621515,12.519999720156193,2.172362077732839,146.5576723182986,53.18154347659384
20250718111120779227,2025-07-18 11:11:20.779227,53,-1.1380714359085131,0.7516267395024342,1.7266287596730203,-0.1391600037168245,10.99999975413084,2.2003173004128103,146.5576723182986,51.69461130024576
20250718111120779227,2025-07-18 11:11:20.779227,54,-1.194735026631586,0.7570319708872637,1.661837206964626,-0.1391600037168245,8.359999813139439,2.182244736792329,147.64001533982645,49.5989566106199
20250718111120836749,2025-07-18 11:11:20.836749,1,-1.1607407175218565,0.4646867735532702,0.1889645232962381,-0.0697200018621515,18.639999583363533,1.264500060060527,158.18197609658202,8.59436673486328
20250718111120836749,2025-07-18 11:11:20.836749,2,-1.2188007020084182,0.4879302993952982,0.1984164854144564,-0.0697200018621515,25.11999943852425,1.327750063064741,158.18197609658202,8.594366734863279
20250718111120836749,2025-07-18 11:11:20.836749,3,-1.27686068649498,0.5111738252373262,0.2078684475326748,-0.1391600037168245,34.879999220371246,1.391000066068955,158.18197609658202,8.594366734863279
20250718111120836749,2025-07-18 11:11:20.836749,4,-1.3349206709815418,0.5344173510793542,0.2173204096508931,-0.1391600037168245,40.99999908357859,1.4542500690731686,158.18197609658202,8.594366734863279
20250718111120836749,2025-07-18 11:11:20.836749,5,-1.394609539049832,0.5745597869536128,0.1665885757244308,0.0697200018621515,18.11999959498644,1.5175000720773824,157.60901831425778,6.302535605566403
20250718111120836749,2025-07-18 11:11:20.836749,6,-1.152897764064205,0.4885199513699615,0.1764522729304556,-0.0697200018621515,19.35999956727028,1.2645000600605272,157.03606053193357,8.02140895253906
20250718111120836749,2025-07-18 11:11:20.836749,7,-1.208798994795036,0.512207105052936,0.1984164854144564,-0.0697200018621515,26.519999407231808,1.327750063064741,157.03606053193357,8.594366734863277
20250718111120836749,2025-07-18 11:11:20.836749,8,-1.2663825281565768,0.5366071045969754,0.2078684475326748,-0.1391600037168245,37.11999917030335,1.3910000660689548,157.03606053193357,8.594366734863279
20250718111120836749,2025-07-18 11:11:20.836749,9,-1.323966061518118,0.5610071041410146,0.2173204096508931,-0.1391600037168245,42.87999904155731,1.4542500690731686,157.03606053193357,8.594366734863277
20250718111120836749,2025-07-18 11:11:20.836749,10,-1.3767478040311565,0.616133264228085,0.1665885757244308,0.0697200018621515,17.759999603033066,1.5175000720773824,155.89014496728512,6.302535605566403
20250718111120836749,2025-07-18 11:11:20.836749,11,-1.0798589340696505,0.5094274944209062,0.1318711872085486,-0.0697200018621515,6.239999860525131,1.2012500570563134,154.7442294026367,6.302535605566403
20250718111120836749,2025-07-18 11:11:20.836749,12,-1.1367172712849722,0.5362506278420277,0.1388146649117251,-0.0697200018621515,19.63999956101179,1.264500060060527,154.7442294026367,6.302535605566405
20250718111120836749,2025-07-18 11:11:20.836749,13,-1.1928911680874057,0.5482351588353884,0.1984164854144564,-0.0697200018621515,27.23999939113856,1.327750063064741,155.31718718496091,8.594366734863279
20250718111120836749,2025-07-18 11:11:20.836749,14,-1.249716900628568,0.5743514260516102,0.2078684475326748,-0.0697200018621515,37.87999915331602,1.391000066068955,155.31718718496091,8.594366734863279
20250718111120836749,2025-07-18 11:11:20.836749,15,-1.3065426331697303,0.6004676932678319,0.2173204096508931,-0.1391600037168245,42.75999904423952,1.4542500690731686,155.31718718496091,8.594366734863279
20250718111120836749,2025-07-18 11:11:20.836749,16,-1.3625573746766253,0.6595290261740187,0.1061382735075041,0.0697200018621515,16.99999962002039,1.5175000720773824,154.17127162031247,4.010704476269529
20250718111120836749,2025-07-18 11:11:20.836749,17,-1.125765638088263,0.5588762106211426,0.1388146649117251,-0.0697200018621515,19.63999956101179,1.264500060060527,153.59831383798826,6.302535605566406
20250718111120836749,2025-07-18 11:11:20.836749,18,-1.1816886258508703,0.5719817478022186,0.1984164854144564,-0.0697200018621515,27.119999393820763,1.3277500630647412,154.17127162031247,8.594366734863277
20250718111120836749,2025-07-18 11:11:20.836749,19,-1.2379807031132068,0.5992292307986339,0.2078684475326748,-0.0697200018621515,37.11999917030335,1.391000066068955,154.17127162031247,8.594366734863279
20250718111120836749,2025-07-18 11:11:20.836749,20,-1.2942727803755436,0.6264767137950491,0.2173204096508931,-0.1391600037168245,40.759999088943005,1.4542500690731686,154.17127162031247,8.594366734863277
20250718111120836749,2025-07-18 11:11:20.836749,21,-1.349095171423207,0.6866464549491936,0.1061382735075041,0.0697200018621515,15.87999964505434,1.5175000720773824,153.02535605566405,4.010704476269529
20250718111120836749,2025-07-18 11:11:20.836749,22,-1.114363713666456,0.5812782503775854,0.1388146649117251,-0.0697200018621515,19.119999572634697,1.2645000600605272,152.4523982733398,6.302535605566405
20250718111120836749,2025-07-18 11:11:20.836749,23,-1.1640000276251457,0.6071697159549863,0.1984164854144564,-0.0697200018621515,26.119999416172504,1.327750063064741,152.4523982733398,8.594366734863277
20250718111120836749,2025-07-18 11:11:20.836749,24,-1.219449473490173,0.6360934474813675,0.2078684475326748,-0.0697200018621515,35.11999921500683,1.3910000660689543,152.4523982733398,8.59436673486328
20250718111120836749,2025-07-18 11:11:20.836749,25,-1.2767619640047665,0.6659889867945546,0.202930579603887,-0.0697200018621515,37.35999916493893,1.4542500690731686,152.4523982733398,8.02140895253906
20250718111120836749,2025-07-18 11:11:20.836749,26,-1.335093348113037,0.7134892343098302,0.1061382735075041,0.0697200018621515,14.6399996727705,1.517500072077382,151.8794404910156,4.01070447626953
20250718111120836749,2025-07-18 11:11:20.836749,27,-1.096426556139062,0.6144425910461926,0.1388146649117251,-0.0697200018621515,18.35999958962202,1.2645000600605272,150.73352492636715,6.302535605566405
20250718111120836749,2025-07-18 11:11:20.836749,28,-1.1533075514760704,0.6312478478194142,0.1852783751549327,-0.0697200018621515,24.63999944925308,1.3277500630647407,151.3064827086914,8.021408952539062
20250718111120836749,2025-07-18 11:11:20.836749,29,-1.206484571178238,0.6603535960627877,0.2078684475326748,-0.0697200018621515,32.119999282062054,1.3910000660689548,151.3064827086914,8.59436673486328
20250718111120836749,2025-07-18 11:11:20.836749,30,-1.260955570791009,0.7066454235104196,0.1596450980212544,0.0697200018621515,33.11999925971031,1.4542500690731686,150.73352492636715,6.302535605566404
20250718111120836749,2025-07-18 11:11:20.836749,31,-1.320557505288501,0.7400466275025633,0.1061382735075041,0.0697200018621515,13.35999970138073,1.5175000720773826,150.73352492636715,4.010704476269529
20250718111120836749,2025-07-18 11:11:20.836749,32,-1.0839192458411506,0.6362467753896072,0.1388146649117251,-0.0697200018621515,17.359999611973763,1.264500060060527,149.58760936171873,6.302535605566406
20250718111120836749,2025-07-18 11:11:20.836749,33,-1.1404527826374098,0.6541862152651652,0.1852783751549327,-0.0697200018621515,22.63999949395657,1.327750063064741,150.16056714404294,8.02140895253906
20250718111120836749,2025-07-18 11:11:20.836749,34,-1.1947805088673595,0.6853496708219504,0.1941044773794098,-0.0697200018621515,28.639999359846115,1.3910000660689543,150.16056714404294,8.021408952539062
20250718111120836749,2025-07-18 11:11:20.836749,35,-1.24657142211506,0.7317215287547143,0.1596450980212544,0.0697200018621515,28.999999351799488,1.4542500690731683,149.58760936171873,6.302535605566404
20250718111120836749,2025-07-18 11:11:20.836749,36,-1.30549345709266,0.7663080119246843,0.1061382735075041,0.0697200018621515,11.9999997317791,1.5175000720773824,149.58760936171873,4.010704476269529
20250718111120836749,2025-07-18 11:11:20.836749,37,-1.070978382316348,0.6577964695174192,0.1388146649117251,-0.0697200018621515,16.119999639689922,1.2645000600605272,148.4416937970703,6.302535605566405
20250718111120836749,2025-07-18 11:11:20.836749,38,-1.1245484753819934,0.690699298063862,0.1457581426149015,-0.0697200018621515,20.359999544918537,1.327750063064741,148.4416937970703,6.302535605566405
20250718111120836749,2025-07-18 11:11:20.836749,39,-1.1808354814125248,0.7091066220973776,0.1941044773794098,-0.0697200018621515,25.11999943852425,1.3910000660689543,149.0146515793945,8.021408952539062
20250718111120836749,2025-07-18 11:11:20.836749,40,-1.231688661513285,0.7565049551567473,0.1596450980212544,0.0697200018621515,24.99999944120645,1.4542500690731686,148.4416937970703,6.302535605566404
20250718111120836749,2025-07-18 11:11:20.836749,41,-1.289907228943672,0.7922628833730411,0.1061382735075041,0.0697200018621515,10.87999975681305,1.5175000720773826,148.4416937970703,4.010704476269529
20250718111120836749,2025-07-18 11:11:20.836749,42,-1.0576091417372888,0.6790830538396887,0.1388146649117251,-0.0697200018621515,14.879999667406082,1.2645000600605272,147.29577823242187,6.302535605566405
20250718111120836749,2025-07-18 11:11:20.836749,43,-1.117585370719009,0.7019100604669606,0.1457581426149015,-0.0697200018621515,18.23999959230423,1.327750063064741,147.86873601474608,6.302535605566404
20250718111120836749,2025-07-18 11:11:20.836749,44,-1.170823762508109,0.7353469358761381,0.1527016203180779,0.0697200018621515,21.87999951094389,1.3910000660689548,147.86873601474608,6.302535605566404
20250718111120836749,2025-07-18 11:11:20.836749,45,-1.2163132418912237,0.7809857896768425,0.1596450980212544,0.0697200018621515,21.51999951899052,1.4542500690731686,147.29577823242187,6.302535605566403
20250718111120836749,2025-07-18 11:11:20.836749,46,-1.2738050551247035,0.8179008602455787,0.1061382735075041,0.0697200018621515,9.759999781847,1.5175000720773824,147.29577823242187,4.010704476269529
20250718111120836749,2025-07-18 11:11:20.836749,47,-0.9951917912808736,0.6674847050031154,0.0840188474799929,-0.0697200018621515,5.639999873936176,1.2012500570563134,146.14986266777342,4.01070447626953
20250718111120836749,2025-07-18 11:11:20.836749,48,-1.0507655445165605,0.6896250148851466,0.1388146649117251,-0.0697200018621515,13.639999695122242,1.2645000600605272,146.72282045009763,6.302535605566403
20250718111120836749,2025-07-18 11:11:20.836749,49,-1.103324596071066,0.7241198999713353,0.1457581426149015,-0.0697200018621515,16.119999639689922,1.327750063064741,146.72282045009763,6.302535605566405
20250718111120836749,2025-07-18 11:11:20.836749,50,-1.1558836476255718,0.7586147850575239,0.1527016203180779,0.0697200018621515,18.999999575316902,1.3910000660689548,146.72282045009763,6.302535605566404
20250718111120836749,2025-07-18 11:11:20.836749,51,-1.2084426991800774,0.7931096701437125,0.1596450980212544,-0.0697200018621515,18.519999586045746,1.4542500690731686,146.72282045009763,6.302535605566404
20250718111120836749,2025-07-18 11:11:20.836749,52,-1.2571933762903025,0.8432116876938419,0.1061382735075041,-0.0697200018621515,8.759999804198742,1.5175000720773824,146.14986266777342,4.010704476269529
20250718111120836749,2025-07-18 11:11:20.836749,53,-0.9816439557261122,0.6872537210028916,0.0840188474799929,-0.0697200018621515,5.519999876618385,1.2012500570563134,145.00394710312497,4.01070447626953
20250718111120836749,2025-07-18 11:11:20.836749,54,-1.0378570233696105,0.7112501847398337,0.126239358533704,-0.0697200018621515,12.359999723732471,1.2645000600605272,145.5769048854492,5.729577823242186
20250718111120836749,2025-07-18 11:11:20.836749,55,-1.0886225063152206,0.7460401011834721,0.1457581426149015,-0.0697200018621515,14.239999681711195,1.327750063064741,145.5769048854492,6.302535605566404
20250718111120836749,2025-07-18 11:11:20.836749,56,-1.140481194716228,0.7815791984531799,0.1527016203180779,-0.0697200018621515,16.639999628067017,1.3910000660689548,145.5769048854492,6.302535605566404
20250718111120836749,2025-07-18 11:11:20.836749,57,-1.1923398831172356,0.8171182957228877,0.1596450980212544,-0.0697200018621515,15.999999642372131,1.4542500690731686,145.5769048854492,6.302535605566403
20250718111120836749,2025-07-18 11:11:20.836749,58,-1.240078836890219,0.8681852417247767,0.1061382735075041,-0.0697200018621515,7.879999823868275,1.5175000720773826,145.00394710312497,4.010704476269529
20250718111120891755,2025-07-18 11:11:20.891755,1,-1.1614378294733791,0.4982600980982615,-0.0419457364264116,-0.0697200018621515,24.23999945819378,1.2645000600605274,156.7805314724555,-1.9009525701177232
20250718111120891755,2025-07-18 11:11:20.891755,2,-1.2219765549547568,0.5104554298786184,-0.0955446660822224,-0.0697200018621515,27.119999393820763,1.3277500630647412,157.32827603718846,-4.126561045683581
20250718111120891755,2025-07-18 11:11:20.891755,3,-1.277627537206382,0.5481058097704087,-0.046141968658868,-0.1391600037168245,32.87999926507473,1.3910000660689548,156.7805314724555,-1.900952570117724
20250718111120891755,2025-07-18 11:11:20.891755,4,-1.3349206709815418,0.5724541823316731,0.0715980077689407,-0.1391600037168245,24.119999460875988,1.4542500690731686,156.7888890198294,2.8220199845814338
20250718111120891755,2025-07-18 11:11:20.891755,5,-1.3942469974169616,0.5823170904123779,0.1406719060875688,-0.1391600037168245,7.1199998408555984,1.517500072077382,157.3318013846666,5.318941984026293
20250718111120891755,2025-07-18 11:11:20.891755,6,-1.0898308399291112,0.5052416562094073,0.0011440052355356,-0.0697200018621515,18.639999583363533,1.2012500570563134,155.12773064911383,0.054565393158646
20250718111120891755,2025-07-18 11:11:20.891755,7,-1.15136343300418,0.5206007869984965,-0.0479319059755845,-0.0697200018621515,27.639999382197857,1.2645000600605274,155.66940764851452,-2.1723636861609883
20250718111120891755,2025-07-18 11:11:20.891755,8,-1.205895311207277,0.5456352296934918,-0.1049710650325063,-0.0697200018621515,28.759999357163903,1.327750063064741,155.65452589219805,-4.534499552891794
20250718111120891755,2025-07-18 11:11:20.891755,9,-1.2665453027353215,0.5726814509410112,-0.052726991864008,-0.1391600037168245,34.99999921768904,1.3910000660689548,155.66940764851452,-2.1723636861609887
20250718111120891755,2025-07-18 11:11:20.891755,10,-1.323966061518118,0.5981379115285798,0.0647160732720099,-0.1391600037168245,25.75999942421913,1.4542500690731688,155.68762407207169,2.5505811484118794
20250718111120891755,2025-07-18 11:11:20.891755,11,-1.3778400044467547,0.6224845585371024,0.129909065441546,-0.1391600037168245,7.519999831914902,1.517500072077382,155.68736096705646,4.910947191184868
20250718111120891755,2025-07-18 11:11:20.891755,12,-1.0798589340696505,0.5094274944209062,0.1318711872085486,-0.0697200018621515,20.119999550282955,1.2012500570563134,154.7442294026367,6.302535605566403
20250718111120891755,2025-07-18 11:11:20.891755,13,-1.1353896542198303,0.5495713038530785,0.0884427326854952,-0.0697200018621515,30.879999309778214,1.2645000600605272,154.17127162031247,4.010704476269529
20250718111120891755,2025-07-18 11:11:20.891755,14,-1.1945706459586451,0.5782171301316058,0.0398265263955968,-0.0697200018621515,29.639999337494373,1.3277500630647412,154.17127162031247,1.7188733469726551
20250718111120891755,2025-07-18 11:11:20.891755,15,-1.248973514448228,0.6045501650135485,0.0972905030964996,-0.1391600037168245,35.879999198019505,1.3910000660689548,154.17127162031247,4.010704476269529
20250718111120891755,2025-07-18 11:11:20.891755,16,-1.3065426331697303,0.6004676932678319,0.2173204096508931,-0.1391600037168245,26.519999407231808,1.4542500690731686,155.31718718496091,8.594366734863279
20250718111120891755,2025-07-18 11:11:20.891755,17,-1.3662121833244067,0.595092407274353,0.286593380410703,-0.1391600037168245,7.639999829232693,1.5175000720773824,156.46310274960936,10.88619786416015
20250718111120891755,2025-07-18 11:11:20.891755,18,-1.070582775510466,0.531481175557647,0.1199248947715397,-0.0697200018621515,21.239999525249004,1.2012500570563134,153.59831383798826,5.729577823242186
20250718111120891755,2025-07-18 11:11:20.891755,19,-1.1241718907839506,0.5721676720153247,0.0884427326854952,-0.0697200018621515,33.639999248087406,1.2645000600605272,153.02535605566405,4.01070447626953
20250718111120891755,2025-07-18 11:11:20.891755,20,-1.1827681684003848,0.6019913102217368,0.0398265263955968,-0.0697200018621515,29.519999340176582,1.327750063064741,153.02535605566405,1.7188733469726554
20250718111120891755,2025-07-18 11:11:20.891755,21,-1.2366335311035788,0.6294070634822592,0.0972905030964996,-0.1391600037168245,35.23999921232462,1.3910000660689548,153.02535605566405,4.010704476269529
20250718111120891755,2025-07-18 11:11:20.891755,22,-1.2942727803755436,0.6264767137950491,0.2173204096508931,-0.1391600037168245,26.23999941349029,1.4542500690731686,154.17127162031247,8.594366734863277
20250718111120891755,2025-07-18 11:11:20.891755,23,-1.3477473399536275,0.63580485269267,0.286593380410703,-0.1391600037168245,7.639999829232693,1.5175000720773824,154.7442294026367,10.88619786416015
20250718111120891755,2025-07-18 11:11:20.891755,24,-1.0541590060612678,0.5633546921183414,0.1199248947715397,-0.0697200018621515,22.11999950557947,1.2012500570563134,151.8794404910156,5.729577823242186
20250718111120891755,2025-07-18 11:11:20.891755,25,-1.1125044736006162,0.594535180747796,0.0884427326854952,-0.0697200018621515,35.35999920964241,1.264500060060527,151.8794404910156,4.01070447626953
20250718111120891755,2025-07-18 11:11:20.891755,26,-1.1704925993659447,0.6255247018249868,0.0398265263955968,-0.0697200018621515,28.519999362528324,1.327750063064741,151.8794404910156,1.7188733469726554
20250718111120891755,2025-07-18 11:11:20.891755,27,-1.2237989108568268,0.6540122075288132,0.0972905030964996,-0.1391600037168245,33.2399992570281,1.391000066068955,151.8794404910156,4.010704476269529
20250718111120891755,2025-07-18 11:11:20.891755,28,-1.281584365835859,0.668504464698777,0.1596450980212544,-0.1391600037168245,25.11999943852425,1.4542500690731683,152.4523982733398,6.302535605566404
20250718111120891755,2025-07-18 11:11:20.891755,29,-1.3347625504357137,0.6626308452026474,0.286593380410703,-0.1391600037168245,7.519999831914902,1.517500072077382,153.59831383798826,10.886197864160154
20250718111120891755,2025-07-18 11:11:20.891755,30,-1.0453507105290358,0.5858194473063948,0.0840188474799929,-0.0697200018621515,22.359999500215054,1.2012500570563134,150.73352492636715,4.01070447626953
20250718111120891755,2025-07-18 11:11:20.891755,31,-1.1003920694809288,0.6166648833456285,0.0884427326854952,-0.0697200018621515,35.759999200701714,1.2645000600605272,150.73352492636715,4.010704476269529
20250718111120891755,2025-07-18 11:11:20.891755,32,-1.151202991321714,0.6603527470493501,0.0398265263955968,-0.0697200018621515,26.6399994045496,1.3277500630647412,150.16056714404294,1.7188733469726551
20250718111120891755,2025-07-18 11:11:20.891755,33,-1.2104747873847148,0.678355755424096,0.0972905030964996,-0.1391600037168245,30.35999932140112,1.3910000660689548,150.73352492636715,4.010704476269529
20250718111120891755,2025-07-18 11:11:20.891755,34,-1.260955570791009,0.7066454235104196,0.1596450980212544,-0.1391600037168245,23.23999948054552,1.4542500690731686,150.73352492636715,6.302535605566404
20250718111120891755,2025-07-18 11:11:20.891755,35,-1.3212438737180885,0.689191794221352,0.286593380410703,-0.1391600037168245,7.1199998408555984,1.5175000720773824,152.4523982733398,10.88619786416015
20250718111120891755,2025-07-18 11:11:20.891755,36,-1.0334260397578634,0.6066079072978762,0.0840188474799929,-0.0697200018621515,21.99999950826168,1.2012500570563134,149.58760936171873,4.01070447626953
20250718111120891755,2025-07-18 11:11:20.891755,37,-1.0878395232248226,0.6385479282232378,0.0884427326854952,-0.0697200018621515,34.759999223053455,1.264500060060527,149.58760936171873,4.01070447626953
20250718111120891755,2025-07-18 11:11:20.891755,38,-1.1377665842152005,0.6832432053134228,0.0398265263955968,-0.0697200018621515,24.35999945551157,1.327750063064741,149.0146515793945,1.7188733469726554
20250718111120891755,2025-07-18 11:11:20.891755,39,-1.1966664901587414,0.7024279700739611,0.0972905030964996,-0.1391600037168245,26.99999939650297,1.3910000660689548,149.58760936171873,4.010704476269529
20250718111120891755,2025-07-18 11:11:20.891755,40,-1.24657142211506,0.7317215287547143,0.1596450980212544,-0.1391600037168245,20.87999953329563,1.4542500690731683,149.58760936171873,6.302535605566404
20250718111120891755,2025-07-18 11:11:20.891755,41,-1.2999767064509395,0.7285130511834325,0.286593380410703,-0.1391600037168245,6.6399998515844345,1.5175000720773824,150.73352492636715,10.88619786416015
20250718111120891755,2025-07-18 11:11:20.891755,42,-1.021088012368096,0.627153732225282,0.0840188474799929,-0.0697200018621515,21.239999525249004,1.2012500570563134,148.4416937970703,4.01070447626953
20250718111120891755,2025-07-18 11:11:20.891755,43,-1.0748518556832112,0.6601755624548339,0.0884427326854952,-0.0697200018621515,32.51999927312136,1.2645000600605272,148.4416937970703,4.010704476269529
20250718111120891755,2025-07-18 11:11:20.891755,44,-1.1238750856653634,0.7058603754173747,0.0398265263955968,-0.0697200018621515,21.87999951094389,1.3277500630647412,147.86873601474608,1.7188733469726551
20250718111120891755,2025-07-18 11:11:20.891755,45,-1.1823795423134416,0.7262192229139375,0.0972905030964996,-0.1391600037168245,23.639999471604824,1.391000066068955,148.4416937970703,4.010704476269529
20250718111120891755,2025-07-18 11:11:20.891755,46,-1.231688661513285,0.7565049551567473,0.1596450980212544,-0.1391600037168245,18.519999586045746,1.4542500690731686,148.4416937970703,6.302535605566404
20250718111120891755,2025-07-18 11:11:20.891755,47,-1.285147430420912,0.7543651537167883,0.286593380410703,-0.1391600037168245,5.999999865889549,1.5175000720773824,149.58760936171873,10.88619786416015
20250718111120891755,2025-07-18 11:11:20.891755,48,-1.008341563405964,0.6474487040329499,0.0840188474799929,-0.0697200018621515,19.999999552965164,1.2012500570563134,147.29577823242187,4.01070447626953
20250718111120891755,2025-07-18 11:11:20.891755,49,-1.062125397984061,0.6783697262745934,1.89673066609874,-0.0697200018621515,29.519999340176582,2.277253404056746,147.43400316613435,56.39808757326807
20250718111120891755,2025-07-18 11:11:20.891755,50,-1.11676040642827,0.7029381582844356,1.8528797422845,-0.0697200018621515,19.519999563694,2.274739369489706,147.81188232922338,54.54249123428442
20250718111120891755,2025-07-18 11:11:20.891755,51,-1.1676196584372076,0.7493545434312555,1.899933595678922,-0.1391600037168245,20.63999953866005,2.352576367840059,147.30847796047723,53.86181099033399
20250718111120891755,2025-07-18 11:11:20.891755,52,-1.2163132418912237,0.795693536038784,1.952071326896381,-0.1391600037168245,16.239999637007713,2.433747844577338,146.8079015594486,53.32961723771874
20250718111120891755,2025-07-18 11:11:20.891755,53,-1.2698041125767656,0.8275163683936169,2.074970957567801,-0.1391600037168245,5.519999876618385,2.569570061124247,146.90818680758028,53.85401940468374
20250718111120891755,2025-07-18 11:11:20.891755,54,-0.9951917912808736,0.6664863930908353,1.9083982207065235,-0.0697200018621515,18.639999583363533,2.2531299524004136,146.189523345,57.88672046721037
20250718111120891755,2025-07-18 11:11:20.891755,55,-1.04827423141647,0.6987553004008813,1.8912683679743565,-0.0697200018621515,26.119999416172504,2.272451071814419,146.31349663098445,56.33151932670695
20250718111120891755,2025-07-18 11:11:20.891755,56,-1.102196745268403,0.7243723524857577,1.847136467257844,-0.0697200018621515,17.23999961465597,2.269684140800168,146.68676855323858,54.4718136097507
20250718111120891755,2025-07-18 11:11:20.891755,57,-1.1523927422865308,0.771764888898524,1.893928761708865,-0.1391600037168245,17.759999603033066,2.347465916821647,146.189523345,53.78417226270425
20250718111120891755,2025-07-18 11:11:20.891755,58,-1.2084426991800774,0.8074043052965753,1.9489334357310089,-0.1391600037168245,14.119999684393406,2.4311678276752824,146.2516812905954,53.28747281078498
20250718111120891755,2025-07-18 11:11:20.891755,59,-0.9816439557261122,0.685581796205341,1.9032816228628449,-0.0697200018621515,16.99999962002039,2.248583596629037,145.06948670208462,57.82609629247671
20250718111120891755,2025-07-18 11:11:20.891755,60,-1.034003769151859,0.7188692314027465,1.885878856405792,-0.0697200018621515,22.879999488592148,2.267702764366672,145.19185970022954,56.26605323403311
20250718111120891755,2025-07-18 11:11:20.891755,61,-1.0871922201258968,0.7455209304249986,1.8414697228779573,-0.0697200018621515,15.119999662041664,2.264685214655726,145.5603764481921,54.40227965147017
20250718111120891755,2025-07-18 11:11:20.891755,62,-1.1367048844245762,0.7938766106319495,1.888003943727132,-0.1391600037168245,15.359999656677246,2.342412636303084,145.06948670208462,53.70774149471946
20250718111120891755,2025-07-18 11:11:20.891755,63,-1.1923398831172356,0.830594856797205,1.9427195461843825,-0.1391600037168245,12.359999723732471,2.4260505864752377,145.13857832544244,53.2041294081688
20250718111120891755,2025-07-18 11:11:20.891755,64,-0.9747224514248276,0.6950303989243909,1.900749877394673,-0.0697200018621515,15.519999653100967,2.246330609940685,144.50905400001665,57.79618371342432
20250718111120891755,2025-07-18 11:11:20.891755,65,-1.0193197191846088,0.7387034739763301,1.8805642871257164,-0.0697200018621515,19.879999555647373,2.263010726973238,144.06906525992332,56.201707629830615
20250718111120891755,2025-07-18 11:11:20.891755,66,0.0708549086647125,0.1550464118068847,2.1869470464715985,1.0438400278799236,5.119999885559082,2.1935809061821545,65.43999718266072,85.54288895910928
20250718111120947284,2025-07-18 11:11:20.947284,1,-1.1620980310566804,0.4983825163781855,2.010170323289391,2.644040070619667,15.999999642372131,2.3747929794090767,156.78722796239742,57.82884041943472
20250718111120947284,2025-07-18 11:11:20.947284,2,-1.2195326833398803,0.5231829539343351,1.95595614745736,0.1391600037168245,14.759999670088291,2.3636295859964744,156.7805314724555,55.84505133657162
20250718111120947284,2025-07-18 11:11:20.947284,3,-1.277627537206382,0.5481058097704087,1.953858031341132,-1.600480042747222,10.239999771118164,2.397981090244117,156.7805314724555,54.56689212193738
20250718111120947284,2025-07-18 11:11:20.947284,4,1.2124062131491866,0.8247100282427002,2.3908081529190945,-0.0697200018621515,11.119999751448631,2.8046459813016043,34.22454924136119,58.478672116428775
20250718111120947284,2025-07-18 11:11:20.947284,5,-1.15136343300418,0.5206007869984965,1.9520680940244155,2.644040070619667,17.639999605715275,2.325345733002028,155.66940764851452,57.08465366943428
20250718111120947284,2025-07-18 11:11:20.947284,6,-1.2089543678697507,0.5466411189697538,1.949670551080204,0.1391600037168245,15.75999964773655,2.358304991787372,155.66940764851452,55.76380850482344
20250718111120947284,2025-07-18 11:11:20.947284,7,-1.3204110882811817,0.5965391560148805,2.1244944042295675,0.0697200018621515,12.359999723732471,2.571540565559405,155.68736096705646,55.70589670669624
20250718111120947284,2025-07-18 11:11:20.947284,8,1.2757793909892663,0.7044396521296694,2.4230345030719684,-0.0697200018621515,11.879999734461308,2.8275332855764463,28.905906023898964,58.97504265429682
20250718111120947284,2025-07-18 11:11:20.947284,9,1.3289543804324766,0.7338009753568203,2.4406667484224145,-0.0697200018621515,5.519999876618385,2.8742716979367366,28.90590602389896,58.1185437082889
20250718111120947284,2025-07-18 11:11:20.947284,10,-1.078597724105632,0.5260380427070019,1.946031242770155,-0.0697200018621515,11.359999746084211,2.2862910293001666,154.00125379954258,58.33957924563003
20250718111120947284,2025-07-18 11:11:20.947284,11,-1.1353896542198303,0.5537357793989628,1.943189599569499,-0.0697200018621515,19.119999572634697,2.317696874090974,154.00125379954255,56.97302314886242
20250718111120947284,2025-07-18 11:11:20.947284,12,-1.192181584334029,0.5814335160909235,1.9403479563688435,0.1391600037168245,16.359999634325504,2.3503855120902606,154.00125379954258,55.643739510045705
20250718111120947284,2025-07-18 11:11:20.947284,13,1.307719949882394,0.6295531244311717,2.443100287692752,-0.0697200018621515,12.519999720156193,2.841690978893706,25.706759179162628,59.2868059484381
20250718111120947284,2025-07-18 11:11:20.947284,14,1.3622262344491558,0.6557931475746785,2.461568882879946,-0.0697200018621515,5.999999865889549,2.8887793843404266,25.70675917916263,58.44233161811593
20250718111120947284,2025-07-18 11:11:20.947284,15,-1.0679410706241366,0.5467727059931902,1.9404754064872896,-0.0697200018621515,11.879999734461308,2.2814257221147822,152.8881113664327,58.27195915646142
20250718111120947284,2025-07-18 11:11:20.947284,16,-1.1241718907839506,0.5755621949872125,1.9373412291389616,-0.0697200018621515,20.51999954134226,2.312644658923831,152.8881113664327,56.8997964600089
20250718111120947284,2025-07-18 11:11:20.947284,17,-1.1804027109437647,0.6043516839812347,1.9342070517906336,0.1391600037168245,16.759999625384808,2.3451542459145323,152.88811136643272,55.56492851693147
20250718111120947284,2025-07-18 11:11:20.947284,18,1.3307463031451556,0.5658257813830759,2.4601759777982704,-0.0697200018621515,12.999999709427357,2.853683650993561,23.03492214118361,59.55380110478106
20250718111120947284,2025-07-18 11:11:20.947284,19,1.3862123352202336,0.5894096236713655,2.4793562945005707,-0.0697200018621515,6.519999854266644,2.901068075359962,23.03492214118361,58.71950983353891
20250718111120947284,2025-07-18 11:11:20.947284,20,-1.056857254972511,0.567297365477786,1.9349758405534685,-0.0697200018621515,12.359999723732471,2.276599451329036,151.77409020374498,58.2052827144544
20250718111120947284,2025-07-18 11:11:20.947284,21,-1.1125044736006162,0.5971675493416527,1.931552091887501,-0.0697200018621515,21.239999525249004,2.307632719789499,151.77409020374498,56.8275514336765
20250718111120947284,2025-07-18 11:11:20.947284,22,-1.1681516922287216,0.6270377332055194,1.928128343221534,0.1391600037168245,16.759999625384808,2.3399644447842705,151.77409020374498,55.48713528640002
20250718111120947284,2025-07-18 11:11:20.947284,23,-1.3337309629572986,0.6097822635607281,2.39004330304546,-0.0697200018621515,13.23999970406294,2.804100511917628,155.4301040283292,58.46695457832234
20250718111120947284,2025-07-18 11:11:20.947284,24,-1.3862123352202336,0.5894096236713655,2.4793562945005707,-0.0697200018621515,6.8799998462200165,2.901068075359962,156.9650778588164,58.71950983353891
20250718111120947284,2025-07-18 11:11:20.947284,25,-1.0453507105290358,0.5876038115710208,1.92953474472164,-0.0697200018621515,12.639999717473984,2.27181440229266,150.659152007077,58.13956955357059
20250718111120947284,2025-07-18 11:11:20.947284,26,-1.1003920694809288,0.6185432006089955,1.925824503392728,-0.0697200018621515,21.51999951899052,2.302663330898372,150.659152007077,56.75631029803157
20250718111120947284,2025-07-18 11:11:20.947284,27,-1.155433428432822,0.6494825896469701,1.9221142620638143,0.1391600037168245,16.519999630749226,2.334818467937857,150.659152007077,55.41038465736722
20250718111120947284,2025-07-18 11:11:20.947284,28,-1.266173906658669,0.7090453215970316,2.094348468018308,0.0697200018621515,10.99999975413084,2.547986878983592,150.7515893212805,55.281685543471966
20250718111120947284,2025-07-18 11:11:20.947284,29,-1.318491411486956,0.6482128963704296,2.379745846019484,-0.0697200018621515,13.23999970406294,2.796746297545202,153.81978063296987,58.30947612662721
20250718111120947284,2025-07-18 11:11:20.947284,30,-1.373446654832294,0.6752306661861986,2.395573803028204,-0.0697200018621515,7.1199998408555984,2.842721585379632,153.81978063296987,57.426802236558885
20250718111120947284,2025-07-18 11:11:20.947284,31,-1.0334260397578634,0.6076839219655696,1.9241542953574928,-0.0697200018621515,12.639999717473984,2.2670727560022788,149.54326016980943,58.07483868121051
20250718111120947284,2025-07-18 11:11:20.947284,32,-1.0878395232248226,0.639680598814121,1.9201607546135688,-0.0697200018621515,21.119999527931213,2.297738762424343,149.5432601698094,56.68609466654716
20250718111120947284,2025-07-18 11:11:20.947284,33,-1.142253006691782,0.6716772756626723,1.9161672138696448,-0.1391600037168245,15.87999964505434,2.329718670880028,149.54326016980943,55.33470086931384
20250718111120947284,2025-07-18 11:11:20.947284,34,-1.1966664901587414,0.7036739525112237,1.912173673125721,-0.1391600037168245,8.999999798834324,2.3629591355558226,149.54326016980943,54.02061372007033
20250718111120947284,2025-07-18 11:11:20.947284,35,-1.2457931633319794,0.7454436587150118,2.084595562981709,-0.1391600037168245,10.519999764859676,2.5403199631790776,149.1050175941456,55.14525646682918
20250718111120947284,2025-07-18 11:11:20.947284,36,-1.3020653067948154,0.6861846946508756,2.3695713333350805,-0.0697200018621515,12.999999709427357,2.7894608443380564,152.21089763324497,58.15438296986809
20250718111120947284,2025-07-18 11:11:20.947284,37,-1.3563359036019136,0.7147851440325348,2.3849752126322428,-0.0697200018621515,7.239999838173389,2.8352551296840014,152.21089763324494,57.26550714223765
20250718111120947284,2025-07-18 11:11:20.947284,38,-1.021088012368096,0.6275296648853647,1.918836644568938,-0.0697200018621515,12.519999720156193,2.262376687877938,148.4263798374775,58.011108477797855
20250718111120947284,2025-07-18 11:11:20.947284,39,-1.0748518556832112,0.6605712892799531,1.9145631109739203,-0.0697200018621515,20.119999550282955,2.2928612792292427,148.4263798374775,56.6169255361302
20250718111120947284,2025-07-18 11:11:20.947284,40,-1.1286156989983265,0.6936129136745415,1.910289577378903,-0.1391600037168245,14.999999664723871,2.3246674040567687,148.4263798374775,55.26010755896285
20250718111120947284,2025-07-18 11:11:20.947284,41,-1.1823795423134416,0.7266545380691299,1.9060160437838856,-0.1391600037168245,8.639999806880951,2.357741580186297,148.4263798374775,53.94063317587936
20250718111120947284,2025-07-18 11:11:20.947284,42,-1.2315819773901886,0.7693740621638413,2.0781834307030445,-0.1391600037168245,9.879999779164793,2.5352666499229413,148.00681824395704,55.05577437080039
20250718111120947284,2025-07-18 11:11:20.947284,43,-1.2844674312657087,0.7236634863481608,2.3595289213664987,-0.0697200018621515,12.519999720156193,2.782251274457585,150.60327459144855,58.00178863424211
20250718111120947284,2025-07-18 11:11:20.947284,44,-1.344249623165477,0.7408716660700387,2.377985350118957,-0.0697200018621515,7.1199998408555984,2.830320158629815,151.13901978898036,57.15939183849834
20250718111120947284,2025-07-18 11:11:20.947284,45,-1.008341563405964,0.6471331022981995,1.9135839193452948,-0.0697200018621515,12.11999972909689,2.257728366513336,147.30847796047723,57.94839669708718
20250718111120947284,2025-07-18 11:11:20.947284,46,-1.061434261749712,0.6812069160092183,1.909033811456504,-0.0697200018621515,18.759999580681324,2.2880331395587548,147.30847796047723,56.54882328589095
20250718111120947284,2025-07-18 11:11:20.947284,47,-1.1145269600934598,0.7152807297202369,1.904483703567713,-0.1391600037168245,13.999999687075617,2.319667011499555,147.30847796047723,55.1866277575096
20250718111120947284,2025-07-18 11:11:20.947284,48,-1.1676196584372076,0.7493545434312555,1.899933595678922,-0.1391600037168245,8.119999818503857,2.352576367840059,147.30847796047723,53.86181099033399
20250718111120947284,2025-07-18 11:11:20.947284,49,-1.216878175100337,0.7930251589696323,2.0718461384138225,-0.1391600037168245,9.239999793469906,2.5302624008301207,146.90818680758028,54.96750302825094
20250718111120947284,2025-07-18 11:11:20.947284,50,-1.2720923081672098,0.7483587797657858,2.3529118374383966,-0.0697200018621515,11.759999737143517,2.777490561371622,149.53214000745535,57.9015022079641
20250718111120947284,2025-07-18 11:11:20.947284,51,-1.3251136185405714,0.7795506695978689,2.3676213423596346,-0.0697200018621515,6.8799998462200165,2.822987100450338,149.53214000745535,57.00242782314184
20250718111120947284,2025-07-18 11:11:20.947284,52,-0.995839794771874,0.6638037205271322,1.896707099271804,-0.0697200018621515,11.639999739825726,2.242728270804337,146.31349663098445,57.748535220205135
20250718111120947284,2025-07-18 11:11:20.947284,53,-1.0475921082827595,0.7015792250267315,1.903575067707304,-0.0697200018621515,17.11999961733818,2.28325659371046,146.18952334500003,56.48180767657013
20250718111120947284,2025-07-18 11:11:20.947284,54,-1.0999924252846454,0.7366720569626276,1.8987519147080845,-0.1391600037168245,12.879999712109566,2.314719829439572,146.18952334500003,55.11428388841978
20250718111120947284,2025-07-18 11:11:20.947284,55,-1.1523927422865308,0.771764888898524,1.893928761708865,-0.1391600037168245,7.759999826550484,2.347465916821647,146.189523345,53.78417226270425
20250718111120947284,2025-07-18 11:11:20.947284,56,-1.2016876377870291,0.8163874890094298,2.0655862209463494,-0.1391600037168245,8.759999804198742,2.5253095151257625,145.8090872665052,54.8804711878576
20250718111120947284,2025-07-18 11:11:20.947284,57,-1.252577188677757,0.7849411747165232,2.34310961425415,-0.0697200018621515,10.99999975413084,2.7704232394656705,147.92623549939006,57.75331784799815
20250718111120947284,2025-07-18 11:11:20.947284,58,-1.3116926676625855,0.8050211109565633,2.360796558166708,-0.0697200018621515,6.519999854266644,2.818147801755136,148.4614387233324,56.89930748271371
20250718111120947284,2025-07-18 11:11:20.947284,59,-0.982283137756956,0.6829115573132063,1.8915871698358693,-0.0697200018621515,10.87999975681305,2.238157809208563,145.19185970022954,57.68839849832375
20250718111120947284,2025-07-18 11:11:20.947284,60,-1.034003769151859,0.7188692314027465,1.885878856405792,-0.0697200018621515,15.519999653100967,2.267702764366672,145.19185970022954,56.26605323403311
20250718111120947284,2025-07-18 11:11:20.947284,61,-1.0850179081917548,0.7577783391564133,1.893096503439036,-0.1391600037168245,11.759999737143517,2.3098281848926705,145.06948670208462,55.04309776581029
20250718111120947284,2025-07-18 11:11:20.947284,62,-1.1367048844245762,0.7938766106319495,1.888003943727132,-0.1391600037168245,7.35999983549118,2.342412636303084,145.06948670208462,53.70774149471946
20250718111120947284,2025-07-18 11:11:20.947284,63,-1.1939117347113106,0.8279574416839423,2.0624860614707474,-0.1391600037168245,8.119999818503857,2.5228530494823325,145.25935116350766,54.83742891465555
20250718111120947284,2025-07-18 11:11:20.947284,64,-1.2435411215117904,0.8078162866482569,2.322249584778446,-0.0697200018621515,10.119999773800371,2.7553229951983207,146.99185869936397,57.439432825316224
20250718111120947284,2025-07-18 11:11:20.947284,65,-1.2905792396867408,0.8427279628050243,2.3506930376647928,-0.0697200018621515,6.11999986320734,2.810968329691682,146.85609457396322,56.74699409371045
20250718111120947284,2025-07-18 11:11:20.947284,66,-0.9683335806014324,0.7017536956220377,1.8865384340923423,-0.0697200018621515,10.239999771118164,2.2336417429720385,144.06906525992332,57.62932573539174
20250718111120947284,2025-07-18 11:11:20.947284,67,-1.0193197191846088,0.7387034739763301,1.8805642871257164,-0.0697200018621515,13.879999689757824,2.263010726973238,144.06906525992332,56.201707629830615
20250718111120947284,2025-07-18 11:11:20.947284,68,-1.0773675212314795,0.7682219456165329,1.8902981475219789,-0.1391600037168245,10.759999759495258,2.307403913504599,144.50905400001665,55.00794550946418
20250718111120947284,2025-07-18 11:11:20.947284,69,-1.2293556253762994,0.8317034306934172,2.31584904382206,-0.0697200018621515,9.359999790787697,2.7506731256263617,145.9202306107654,57.34351549176604
20250718111120947284,2025-07-18 11:11:20.947284,70,-1.2805956539134005,0.866369158529568,2.329013756851216,-0.0697200018621515,5.639999873936176,2.795500997545044,145.9202306107654,56.42154646242952
20250718111121001030,2025-07-18 11:11:21.001030,1,-1.1607407175218565,0.4977605731878291,2.06225592630141,-0.0697200018621515,14.759999670088291,2.4182605540137145,156.7888890198294,58.51586772129711
20250718111121001030,2025-07-18 11:11:21.001030,2,-1.2188007020084182,0.5226584429024438,2.0653699534572536,-0.0697200018621515,21.119999527931213,2.454465327479172,156.7888890198294,57.29615095117536
20250718111121001030,2025-07-18 11:11:21.001030,3,-1.2780214651775903,0.5337746772742127,2.1289453847563813,-0.0697200018621515,26.519999407231808,2.539815489918384,157.3318013846666,56.95350945828342
20250718111121001030,2025-07-18 11:11:21.001030,4,-1.3361342312972762,0.5580458838432952,2.134808645421975,-0.0697200018621515,26.99999939650297,2.579549930721872,157.3318013846666,55.85192001486816
20250718111121001030,2025-07-18 11:11:21.001030,5,-1.1512154614334948,0.5200930989361452,2.056271944062201,-0.0697200018621515,16.239999637007713,2.413306482430668,155.68762407207169,58.43598573085754
20250718111121001030,2025-07-18 11:11:21.001030,6,-1.208798994795036,0.5461080364669566,2.059086653798804,-0.0697200018621515,24.879999443888664,2.4493400836069377,155.6876240720717,57.21093452624514
20250718111121001030,2025-07-18 11:11:21.001030,7,-1.2663825281565768,0.5721229739977682,2.061901363535408,-0.0697200018621515,31.75999929010868,2.486460664869941,155.68762407207169,56.02193081774867
20250718111121001030,2025-07-18 11:11:21.001030,8,-1.3204110882811817,0.5965391560148805,2.1244944042295675,-0.0697200018621515,31.359999299049377,2.571540565559405,155.68736096705646,55.70589670669624
20250718111121001030,2025-07-18 11:11:21.001030,9,-1.3824089547691545,0.5933667991352477,2.199167748927643,0.0697200018621515,13.519999697804453,2.664484465044868,156.7696997734279,55.62534388413052
20250718111121001030,2025-07-18 11:11:21.001030,10,-1.1360654355462432,0.5532357392861615,2.04739140034538,-0.0697200018621515,17.759999603033066,2.4059355775403866,154.0350645111562,58.31789150752204
20250718111121001030,2025-07-18 11:11:21.001030,11,-1.1928911680874057,0.580908464086359,2.0497619073219275,-0.0697200018621515,29.11999934911728,2.441714123163507,154.0350645111562,57.08489267687912
20250718111121001030,2025-07-18 11:11:21.001030,12,-1.249716900628568,0.6085811888865565,2.052132414298476,-0.0697200018621515,38.1199991479516,2.4785904948171127,154.0350645111562,55.88804207535181
20250718111121001030,2025-07-18 11:11:21.001030,13,-1.3065426331697303,0.6362539136867542,2.054502921275024,-0.0697200018621515,35.879999198019505,2.5165164311999657,154.03506451115618,54.72677226128248
20250718111121001030,2025-07-18 11:11:21.001030,14,-1.366141267591152,0.6331932199408129,2.18849629163537,0.0697200018621515,14.359999679028988,2.6564622405177043,155.13273483765389,55.47092525342557
20250718111121001030,2025-07-18 11:11:21.001030,15,-1.0694550990537968,0.5469614191563044,1.9899652284454967,-0.0697200018621515,5.119999885559082,2.324405862443085,152.91301046731874,58.88344453713962
20250718111121001030,2025-07-18 11:11:21.001030,16,-1.125396548588533,0.5750805123182992,2.041538111052577,-0.0697200018621515,18.999999575316902,2.401064940001288,152.93285147745812,58.24035115959275
20250718111121001030,2025-07-18 11:11:21.001030,17,-1.1816886258508703,0.6038459076556913,2.0436158378410907,-0.0697200018621515,33.519999250769615,2.436674697478674,152.93285147745812,57.00209333911903
20250718111121001030,2025-07-18 11:11:21.001030,18,-1.2379807031132068,0.6326113029930835,2.0456935646296044,-0.0697200018621515,44.87999899685383,2.473389464342859,152.93285147745812,55.80004888042202
20250718111121001030,2025-07-18 11:11:21.001030,19,-1.2942727803755436,0.6613766983304757,2.047771291418118,-0.0697200018621515,40.11999910324812,2.511160773242484,152.93285147745812,54.63366447788855
20250718111121001030,2025-07-18 11:11:21.001030,20,-1.3486441455390423,0.6725303895440976,2.1779559288076435,0.0697200018621515,15.119999662041664,2.648514712812718,153.49587545315202,55.31882787156546
20250718111121001030,2025-07-18 11:11:21.001030,21,-1.110170537035604,0.6050281528572259,2.0205600301879323,-0.0697200018621515,19.759999558329586,2.383526908311464,151.4102044441569,57.96438913397762
20250718111121001030,2025-07-18 11:11:21.001030,22,-1.1700134239407614,0.6265623618244159,2.0375289822916822,-0.0697200018621515,37.35999916493893,2.431673530541292,151.8301828441994,56.92030814755677
20250718111121001030,2025-07-18 11:11:21.001030,23,-1.225749329844925,0.6564099004313784,2.03931674966502,-0.0697200018621515,51.11999885737896,2.4682277412070217,151.8301828441994,55.71310248546083
20250718111121001030,2025-07-18 11:11:21.001030,24,-1.2814852357490885,0.6862574390383408,2.0411045170383573,-0.0697200018621515,43.35999903082848,2.50584543249434,151.8301828441994,54.541634626057714
20250718111121001030,2025-07-18 11:11:21.001030,25,-1.336304108934735,0.6984658620983503,2.171006539881412,0.0697200018621515,15.639999650418758,2.643261740403418,152.4046148861212,55.21877652840323
20250718111121001030,2025-07-18 11:11:21.001030,26,-1.0983674628819369,0.6263617024280395,2.0148437228087435,-0.0697200018621515,19.999999552965164,2.3787255607001097,150.30535461025835,57.88971926258292
20250718111121001030,2025-07-18 11:11:21.001030,27,-1.1516246508856258,0.6602028367824672,2.028515044193673,-0.0697200018621515,39.87999910861254,2.424248421004563,150.17523553815653,56.79958902774244
20250718111121001030,2025-07-18 11:11:21.001030,28,-1.206484571178238,0.6916529060172562,2.029873414779438,-0.0697200018621515,55.519998759031296,2.460563927826625,150.17523553815653,55.58470794354833
20250718111121001030,2025-07-18 11:11:21.001030,29,-1.2613444914708505,0.7231029752520451,2.0312317853652035,-0.0697200018621515,44.75999899953604,2.497953243129289,150.17523553815653,54.40567838213833
20250718111121001030,2025-07-18 11:11:21.001030,30,-1.316793460366764,0.7369091764586335,2.1607056848441983,0.0697200018621515,15.75999964773655,2.635456166991144,150.7675779815257,55.07080414096684
20250718111121001030,2025-07-18 11:11:21.001030,31,-1.0839192458411506,0.6504950712606407,1.969411887050002,-0.0697200018621515,19.759999558329586,2.3402153640409007,149.03066538178442,57.30432486624959
20250718111121001030,2025-07-18 11:11:21.001030,32,-1.1387886396611338,0.6823272672760126,2.022586820909929,-0.0697200018621515,40.3599990978837,2.4193527054995805,149.07125027761722,56.720452559317295
20250718111121001030,2025-07-18 11:11:21.001030,33,-1.19303709114565,0.7148312775604846,2.023662788842562,-0.0697200018621515,56.35999874025583,2.455510606609974,149.07125027761722,55.50050224146658
20250718111121001030,2025-07-18 11:11:21.001030,34,-1.2472855426301666,0.7473352878449567,2.024738756775194,-0.0697200018621515,43.99999901652336,2.4927491431149047,149.07125027761722,54.3164772991169
20250718111121001030,2025-07-18 11:11:21.001030,35,-1.303126886088989,0.7622165067308695,2.153924606135165,0.0697200018621515,15.639999650418758,2.630305095097434,149.6760584976669,54.97360718778427
20250718111121001030,2025-07-18 11:11:21.001030,36,-1.070978382316348,0.6713104773673242,1.9638344157935903,-0.0697200018621515,18.759999580681324,2.3354438689609816,147.9196988491362,57.2334514248106
20250718111121001030,2025-07-18 11:11:21.001030,37,-1.1271418479119195,0.7017529444836751,2.003780153782422,-0.0697200018621515,38.6399991363287,2.4037555709967915,148.0938110181966,56.47075119299052
20250718111121001030,2025-07-18 11:11:21.001030,38,-1.1791124122048848,0.7377452455433758,2.0175230096261534,-0.0697200018621515,53.63999880105257,2.4505046872651457,147.96667151791897,55.41744083478964
20250718111121001030,2025-07-18 11:11:21.001030,39,-1.232727696224985,0.7712911742138421,2.01831979636868,-0.0697200018621515,41.23999907821417,2.4875937065513805,147.96667151791897,54.22845987704012
20250718111121001030,2025-07-18 11:11:21.001030,40,-1.2889390784548724,0.7872547753716987,2.147215622272981,0.0697200018621515,14.999999664723871,2.625198841582631,148.58436041494755,54.877609175975
20250718111121001030,2025-07-18 11:11:21.001030,41,-1.0643469789299096,0.6816233926477037,1.9610710784726024,-0.0697200018621515,17.519999608397484,2.333076234456021,147.36390609526995,57.19841842302216
20250718111121001030,2025-07-18 11:11:21.001030,42,-1.1133800714957758,0.7233954452846408,1.9979810631706127,-0.0697200018621515,35.23999921232462,2.3989256934408947,146.9870446793549,56.39416956265197
20250718111121001030,2025-07-18 11:11:21.001030,43,-1.1647161040416096,0.7603856446846622,2.011456532959928,-0.0697200018621515,47.9999989271164,2.4455484692893634,146.8614635540614,55.33555032102333
20250718111121001030,2025-07-18 11:11:21.001030,44,-1.2176767751995048,0.79496105232399,2.0119774716441228,-0.0697200018621515,37.239999167621136,2.4824893051080417,146.86146355406143,54.14165509457506
20250718111121001030,2025-07-18 11:11:21.001030,45,-1.2742357123980452,0.8120139674079517,2.14058141676162,0.0697200018621515,14.239999681711195,2.620139716847432,147.4924431694043,54.78284200070172
20250718111121001030,2025-07-18 11:11:21.001030,46,-1.0507655445165605,0.7020544913512253,1.955596582074513,-0.0697200018621515,15.87999964505434,2.3283785624745663,146.2516812905954,57.12917270226328
20250718111121001030,2025-07-18 11:11:21.001030,47,-1.099172957915811,0.7447677783541955,1.992254363784257,-0.0697200018621515,30.879999309778214,2.3941465462885625,145.87956978459144,56.31873581587546
20250718111121001030,2025-07-18 11:11:21.001030,48,-1.1515342379671571,0.7802462660069185,1.991885385067898,-0.0697200018621515,41.35999907553196,2.4294902189709324,145.87956978459144,55.07257484804872
20250718111121001030,2025-07-18 11:11:21.001030,49,-1.2021387997211908,0.818335454540173,2.005714319446736,-0.0697200018621515,32.75999926775694,2.477438302195689,145.75559240200838,54.05609137503914
20250718111121001030,2025-07-18 11:11:21.001030,50,-1.259022669068626,0.8364841794933745,2.1340246431947127,0.0697200018621515,13.35999970138073,2.615130023829353,146.40026778804855,54.68933702876284
20250718111121001030,2025-07-18 11:11:21.001030,51,-1.0367638179142131,0.7222191483032943,1.9501934785285555,-0.0697200018621515,14.239999681711195,2.3237328409279967,145.13857832544244,57.06103738261098
20250718111121001030,2025-07-18 11:11:21.001030,52,-1.0886225063152206,0.7583443844679313,1.9477021677471644,-0.0697200018621515,26.519999407231808,2.3566350801422526,145.13857832544244,55.73841440347571
20250718111121001030,2025-07-18 11:11:21.001030,53,-1.1361897420828002,0.8023447188904808,1.9859641224637703,-0.0697200018621515,34.879999220371246,2.424610829320639,144.7713543958306,54.99337591458252
20250718111121001030,2025-07-18 11:11:21.001030,54,-1.1861199847727864,0.8414050314135777,1.99953284495378,-0.0697200018621515,28.359999366104603,2.472443051561437,144.64902583865037,53.97179658201757
20250718111121001030,2025-07-18 11:11:21.001030,55,-1.2433060334808352,0.8606556238698362,2.127547924194146,0.0697200018621515,12.23999972641468,2.610172056691176,145.30779692282078,54.59712509370082
20250718111121001030,2025-07-18 11:11:21.001030,56,-1.0223473996265708,0.7421092979103487,1.944863929004011,-0.0697200018621515,12.759999714791777,2.319141245786708,144.02456791332355,56.994031970225606
20250718111121001030,2025-07-18 11:11:21.001030,57,-1.073484982091087,0.7792294347967302,1.94210603537768,-0.0697200018621515,22.51999949663877,2.351881028342876,144.02456791332355,55.66634327210492
20250718111121001030,2025-07-18 11:11:21.001030,58,-1.124622564555603,0.8163495716831118,1.939348141751348,-0.0697200018621515,29.11999934911728,2.38584864373439,144.02456791332355,54.37578260196264
20250718111121001030,2025-07-18 11:11:21.001030,59,-1.1779322573390254,0.8528226218818801,1.9964735108082887,-0.0697200018621515,24.35999945551157,2.4699670659003674,144.09547219890447,53.93013358625062
20250718111121001030,2025-07-18 11:11:21.001030,60,-1.2270920920790758,0.8845186322822995,2.1211538503610496,0.0697200018621515,11.239999748766422,2.605268099485936,144.21499488266326,54.50623649101255
20250718111121051259,2025-07-18 11:11:21.051259,1,-1.205895311207277,0.5456352296934918,1.8950289349674936,0.0697200018621515,16.119999639689922,2.3115008046371948,155.65452589219805,55.06740009589844
20250718111121051259,2025-07-18 11:11:21.051259,2,-1.1945706459586451,0.5688227227283238,1.888815864934308,0.0697200018621515,16.519999630749226,2.306118750130977,154.53745418083508,54.98934462394252
20250718111121051259,2025-07-18 11:11:21.051259,3,-1.248973514448228,0.6091312527828843,1.937506313168188,0.0697200018621515,12.759999714791777,2.3843041828752862,154.00125379954255,54.35159678462606
20250718111121051259,2025-07-18 11:11:21.051259,4,-1.1827681684003848,0.5917868172762287,1.882662654345285,0.0697200018621515,16.519999630749226,2.3007761402078133,153.41934355846195,54.91227149442824
20250718111121051259,2025-07-18 11:11:21.051259,5,-1.2366335311035788,0.6331411729752571,1.9310728744423056,0.0697200018621515,12.759999714791777,2.378901570383495,152.8881113664327,54.26724562228426
20250718111121051259,2025-07-18 11:11:21.051259,6,-1.1147338669917055,0.5852445307953791,1.882451512774974,0.0697200018621515,7.879999823868275,2.264678002055253,152.30015445881628,56.22453306571022
20250718111121051259,2025-07-18 11:11:21.051259,7,-1.1704925993659447,0.6145183280059822,1.876571764402508,0.0697200018621515,16.119999639689922,2.2954753946793804,152.30015445881628,54.8362056179142
20250718111121051259,2025-07-18 11:11:21.051259,8,-1.2237989108568268,0.6569079170693863,1.9247045945555663,0.0697200018621515,12.359999723732471,2.3735415652619407,151.77409020374498,54.18394652014661
20250718111121051259,2025-07-18 11:11:21.051259,9,-1.279446129484932,0.686778100933253,1.9212808458896,0.0697200018621515,7.35999983549118,2.408311991200001,151.77409020374498,52.91774817280408
20250718111121051259,2025-07-18 11:11:21.051259,10,-1.151202991321714,0.6481596363673583,1.8675576029947512,0.0697200018621515,15.359999656677246,2.287608061261244,150.61926628314615,54.7240483793765
20250718111121051259,2025-07-18 11:11:21.051259,11,-1.2104747873847148,0.6804219786849449,1.918404020734902,0.0697200018621515,11.9999997317791,2.368226607979786,150.65915200707698,54.10172692943881
20250718111121051259,2025-07-18 11:11:21.051259,12,-1.1377665842152005,0.6702701211802181,1.8616331164448847,0.0697200018621515,14.359999679028988,2.2824225497808164,149.4972191177993,54.65060557135616
20250718111121051259,2025-07-18 11:11:21.051259,13,-1.1966664901587414,0.7036739525112237,1.912173673125721,0.0697200018621515,11.359999746084211,2.3629591355558226,149.54326016980943,54.02061372007033
20250718111121051259,2025-07-18 11:11:21.051259,14,-1.070337070852082,0.6591462839465753,1.8626495976988664,0.0697200018621515,7.759999826550484,2.2471223359418024,148.37396868716672,55.98635761756817
20250718111121051259,2025-07-18 11:11:21.051259,15,-1.1238750856653634,0.6921166299011984,1.8557793620756584,0.0697200018621515,13.35999970138073,2.2772873508345537,148.37396868716672,54.57825233156043
20250718111121051259,2025-07-18 11:11:21.051259,16,-1.1774131004786446,0.7250869758558214,1.8489091264524504,0.0697200018621515,10.759999759495258,2.3087913915322966,148.37396868716672,53.2077655656505
20250718111121051259,2025-07-18 11:11:21.051259,17,-1.2361433856285569,0.7596961624637183,1.9017425101888683,0.0697200018621515,7.1199998408555984,2.392031208858862,148.42637983747753,52.65832380680381
20250718111121051259,2025-07-18 11:11:21.051259,18,-1.0635613134464674,0.6694523074002401,1.859888107037281,0.0697200018621515,7.639999829232693,2.244663188552394,147.81188232922338,55.953376507608965
20250718111121051259,2025-07-18 11:11:21.051259,19,-1.11676040642827,0.7029381582844356,1.8528797422845,0.0697200018621515,12.23999972641468,2.274739369489706,147.81188232922338,54.54249123428442
20250718111121051259,2025-07-18 11:11:21.051259,20,-1.1699594994100722,0.7364240091686309,1.8458713775317184,0.0697200018621515,9.999999776482582,2.3061584277604843,147.8118823292234,53.16923545412754
20250718111121051259,2025-07-18 11:11:21.051259,21,-1.2207123567809557,0.7834283571422741,1.895383487790131,0.0697200018621515,6.8799998462200165,2.386708447749712,147.30847796047723,52.57421401426641
20250718111121051259,2025-07-18 11:11:21.051259,22,-1.0496914211198611,0.6898654413242257,1.8544184242873607,0.0697200018621515,7.35999983549118,2.239784386730678,146.68676855323858,55.88822130137388
20250718111121051259,2025-07-18 11:11:21.051259,23,-1.102196745268403,0.7243723524857577,1.847136467257844,0.0697200018621515,11.119999751448631,2.269684140800168,146.68676855323858,54.4718136097507
20250718111121051259,2025-07-18 11:11:21.051259,24,-1.1547020694169448,0.7588792636472897,1.8398545102283264,0.0697200018621515,9.239999793469906,2.300934424254012,146.68676855323858,53.09305598466761
20250718111121051259,2025-07-18 11:11:21.051259,25,-1.2047930592884166,0.8068577208344201,1.8891056087096447,0.0697200018621515,6.6399998515844345,2.381441936776519,146.18952334500003,52.49133348900451
20250718111121051259,2025-07-18 11:11:21.051259,26,-1.0354016662392744,0.7100065648822526,1.849021626495332,0.0697200018621515,7.1199998408555984,2.2349601580060448,145.5603764481921,55.824157342456445
20250718111121051259,2025-07-18 11:11:21.051259,27,-1.0871922201258968,0.7455209304249986,1.8414697228779573,0.0697200018621515,9.999999776482582,2.264685214655726,145.5603764481921,54.40227965147017
20250718111121051259,2025-07-18 11:11:21.051259,28,-1.1389827740125194,0.7810352959677447,1.8339178192605827,0.0697200018621515,8.51999980956316,2.2957683813586613,145.56037644819213,53.01807079121421
20250718111121051259,2025-07-18 11:11:21.051259,29,-1.188391860657397,0.8299748821074856,1.882911384015228,0.0697200018621515,6.359999857842922,2.3762341634317576,145.06948670208462,52.40970942063617
20250718111121051259,2025-07-18 11:11:21.051259,30,-1.0206977645158768,0.7298676218938023,1.8436998723082587,0.0697200018621515,6.7599998489022255,2.230192792367089,144.4326794976801,55.76120234439741
20250718111121051259,2025-07-18 11:11:21.051259,31,-1.1738629687996949,0.8393910550724096,1.8202455826842905,0.0697200018621515,6.11999986320734,2.322891644940951,144.43267949768014,51.59247950764305
20250718111121107835,2025-07-18 11:11:21.107835,1,-1.27686068649498,0.5111738252373262,0.2078684475326748,0.0697200018621515,15.359999656677246,1.391000066068955,158.18197609658202,8.594366734863279
20250718111121107835,2025-07-18 11:11:21.107835,2,-1.336481662051544,0.5506119078598295,0.1596450980212544,0.0697200018621515,14.999999664723871,1.4542500690731683,157.60901831425778,6.302535605566404
20250718111121107835,2025-07-18 11:11:21.107835,3,-1.2663825281565768,0.5366071045969754,0.2078684475326748,0.0697200018621515,17.639999605715275,1.3910000660689548,157.03606053193357,8.594366734863279
20250718111121107835,2025-07-18 11:11:21.107835,4,-1.3252028708642658,0.5772296398576635,0.1596450980212544,0.0697200018621515,14.759999670088291,1.4542500690731686,156.46310274960936,6.302535605566403
20250718111121107835,2025-07-18 11:11:21.107835,5,-1.249716900628568,0.5743514260516102,0.2078684475326748,0.0697200018621515,20.119999550282955,1.391000066068955,155.31718718496091,8.594366734863279
20250718111121107835,2025-07-18 11:11:21.107835,6,-1.307292282930938,0.6167200281053925,0.1596450980212544,0.0697200018621515,14.119999684393406,1.4542500690731686,154.7442294026367,6.302535605566404
20250718111121107835,2025-07-18 11:11:21.107835,7,-1.1792234139198874,0.5563030597447727,0.2507574041781291,-0.0697200018621515,12.11999972909689,1.327750063064741,154.7442294026367,10.88619786416015
20250718111121107835,2025-07-18 11:11:21.107835,8,-1.2379807031132068,0.5992292307986339,0.2078684475326748,0.0697200018621515,22.51999949663877,1.391000066068955,154.17127162031247,8.594366734863279
20250718111121107835,2025-07-18 11:11:21.107835,9,-1.294697255191662,0.642740790269511,0.1596450980212544,0.0697200018621515,13.23999970406294,1.4542500690731683,153.59831383798826,6.302535605566404
20250718111121107835,2025-07-18 11:11:21.107835,10,-1.1700134239407614,0.5954995517064765,0.1984164854144564,0.0697200018621515,13.35999970138073,1.327750063064741,153.02535605566405,8.594366734863279
20250718111121107835,2025-07-18 11:11:21.107835,11,-1.225749329844925,0.6238673518536689,0.2078684475326748,0.0697200018621515,24.51999945193529,1.3910000660689548,153.02535605566405,8.594366734863279
20250718111121107835,2025-07-18 11:11:21.107835,12,-1.281584365835859,0.668504464698777,0.1596450980212544,0.0697200018621515,12.11999972909689,1.4542500690731683,152.4523982733398,6.302535605566404
20250718111121107835,2025-07-18 11:11:21.107835,13,-1.1516246508856258,0.6303267341282288,0.1984164854144564,-0.0697200018621515,14.51999967545271,1.327750063064741,151.3064827086914,8.594366734863279
20250718111121107835,2025-07-18 11:11:21.107835,14,-1.206484571178238,0.6603535960627877,0.2078684475326748,0.0697200018621515,25.63999942690134,1.3910000660689548,151.3064827086914,8.59436673486328
20250718111121107835,2025-07-18 11:11:21.107835,15,-1.260955570791009,0.7066454235104196,0.1596450980212544,0.0697200018621515,10.99999975413084,1.4542500690731686,150.73352492636715,6.302535605566404
20250718111121107835,2025-07-18 11:11:21.107835,16,-1.1387886396611338,0.6532316300233348,0.1984164854144564,-0.0697200018621515,15.519999653100967,1.327750063064741,150.16056714404294,8.594366734863279
20250718111121107835,2025-07-18 11:11:21.107835,17,-1.19303709114565,0.6843496120221869,0.2078684475326748,0.0697200018621515,25.75999942421913,1.3910000660689548,150.16056714404294,8.59436673486328
20250718111121107835,2025-07-18 11:11:21.107835,18,-1.24657142211506,0.7317215287547143,0.1596450980212544,0.0697200018621515,9.879999779164793,1.4542500690731683,149.58760936171873,6.302535605566404
20250718111121107835,2025-07-18 11:11:21.107835,19,-1.125497128184785,0.6758752419877503,0.1984164854144564,-0.0697200018621515,16.359999634325504,1.327750063064741,149.0146515793945,8.594366734863279
20250718111121107835,2025-07-18 11:11:21.107835,20,-1.1808354814125248,0.7091066220973776,0.1941044773794098,0.0697200018621515,24.63999944925308,1.3910000660689543,149.0146515793945,8.021408952539062
20250718111121107835,2025-07-18 11:11:21.107835,21,-1.231688661513285,0.7565049551567473,0.1596450980212544,0.0697200018621515,8.879999801516533,1.4542500690731686,148.4416937970703,6.302535605566404
20250718111121107835,2025-07-18 11:11:21.107835,22,-1.061434261749712,0.6815391352754757,0.0884427326854952,-0.0697200018621515,5.119999885559082,1.2645000600605272,147.29577823242187,4.010704476269529
20250718111121107835,2025-07-18 11:11:21.107835,23,-1.1117554328837147,0.6982485128790055,0.1984164854144564,-0.0697200018621515,16.8799996227026,1.327750063064741,147.86873601474608,8.594366734863277
20250718111121107835,2025-07-18 11:11:21.107835,24,-1.166418135530502,0.7325799401912737,0.1941044773794098,0.0697200018621515,22.75999949127436,1.3910000660689548,147.86873601474608,8.02140895253906
20250718111121107835,2025-07-18 11:11:21.107835,25,-1.2163132418912237,0.7809857896768425,0.1596450980212544,0.0697200018621515,7.879999823868275,1.4542500690731686,147.29577823242187,6.302535605566403
20250718111121107835,2025-07-18 11:11:21.107835,26,-1.0475921082827595,0.7026301015412607,0.0884427326854952,-0.0697200018621515,4.999999888241291,1.2645000600605274,146.14986266777342,4.010704476269529
20250718111121107835,2025-07-18 11:11:21.107835,27,-1.0975690502525777,0.7203424936874497,0.1984164854144564,-0.0697200018621515,16.8799996227026,1.3277500630647412,146.72282045009763,8.594366734863277
20250718111121107835,2025-07-18 11:11:21.107835,28,-1.1558836476255718,0.7586147850575239,0.1527016203180779,0.0697200018621515,20.239999547600743,1.3910000660689548,146.72282045009763,6.302535605566404
20250718111121107835,2025-07-18 11:11:21.107835,29,-1.2084426991800774,0.7931096701437125,0.1596450980212544,0.0697200018621515,6.999999843537808,1.4542500690731686,146.72282045009763,6.302535605566404
20250718111121107835,2025-07-18 11:11:21.107835,30,-1.0333309319589337,0.7234400251472686,0.0884427326854952,-0.0697200018621515,4.999999888241291,1.2645000600605274,145.00394710312497,4.010704476269529
20250718111121107835,2025-07-18 11:11:21.107835,31,-1.0829436546550228,0.7421483471157374,0.1984164854144564,-0.0697200018621515,16.519999630749226,1.327750063064741,145.5769048854492,8.594366734863279
20250718111121107835,2025-07-18 11:11:21.107835,32,-1.140481194716228,0.7815791984531799,0.1527016203180779,0.0697200018621515,17.759999603033066,1.3910000660689548,145.5769048854492,6.302535605566404
20250718111121107835,2025-07-18 11:11:21.107835,33,-1.1923398831172356,0.8171182957228877,0.1596450980212544,0.0697200018621515,6.239999860525131,1.4542500690731686,145.5769048854492,6.302535605566403
20250718111121107835,2025-07-18 11:11:21.107835,34,-1.0770397593223624,0.7540407883577648,0.1852783751549327,-0.0697200018621515,15.75999964773655,1.327750063064741,145.00394710312497,8.02140895253906
20250718111121107835,2025-07-18 11:11:21.107835,35,-1.124622564555603,0.8042309906043464,0.1527016203180779,0.0697200018621515,15.359999656677246,1.3910000660689543,144.43098932080076,6.302535605566405
20250718111121107835,2025-07-18 11:11:21.107835,36,-1.0579180782062532,0.7889766369381702,0.1457581426149015,-0.0697200018621515,14.759999670088291,1.3277500630647407,143.28507375615231,6.302535605566405
20250718111121164955,2025-07-18 11:11:21.164955,1,-1.28041333679987,0.4796895836804082,2.2555792911356,-0.0697200018621515,13.999999687075617,2.6376501565496207,159.46221576819767,58.77600669384758
20250718111121164955,2025-07-18 11:11:21.164955,2,-1.3386348634372471,0.5015014932187158,2.26720070750104,0.0697200018621515,18.759999580681324,2.680232470030067,159.46221576819764,57.76817382410505
20250718111121164955,2025-07-18 11:11:21.164955,3,1.3714405443588702,0.5599800996566794,2.329210555772445,0.0697200018621515,13.639999695122242,2.76037111487652,22.21094304036277,57.5439567658353
20250718111121164955,2025-07-18 11:11:21.164955,4,-1.2635055487411682,0.5288408752925317,2.2424092422411848,-0.0697200018621515,15.999999642372131,2.627644982254752,157.28822787004827,58.58245914013937
20250718111121164955,2025-07-18 11:11:21.164955,5,-1.3255766934344992,0.540105848968092,2.2568567015536707,0.0697200018621515,22.239999502897263,2.672502585520545,157.83157512044377,57.615533116184885
20250718111121164955,2025-07-18 11:11:21.164955,6,-1.38027952319819,0.5333996394298584,2.3363327686246693,0.0697200018621515,16.119999639689922,2.765526630364195,158.87131428344193,57.65112838805409
20250718111121164955,2025-07-18 11:11:21.164955,7,1.394335807269323,0.6217540857469034,2.4099028095708905,-3.687880098499592,8.639999806880951,2.852784961779285,24.03276922926164,57.645637449358254
20250718111121164955,2025-07-18 11:11:21.164955,8,-1.2494966025602172,0.5652542107116214,2.232652318421916,-0.0697200018621515,18.23999959230423,2.6202080943107364,155.65869127875126,58.43968891214833
20250718111121164955,2025-07-18 11:11:21.164955,9,-1.311325593934727,0.5783144941169298,2.246618725942152,0.0697200018621515,26.519999407231808,2.664829857076793,156.20179252808572,57.46496335694553
20250718111121164955,2025-07-18 11:11:21.164955,10,-1.3668151161686637,0.5732049688759341,2.3256669627451387,0.0697200018621515,19.239999569952488,2.75780244392803,157.24815251253315,57.49071997537578
20250718111121164955,2025-07-18 11:11:21.164955,11,1.4129943199568666,0.5675134012191624,2.42443655718701,-0.0697200018621515,9.879999779164793,2.862955994879857,21.882310852727155,57.86852098538514
20250718111121164955,2025-07-18 11:11:21.164955,12,-1.2362201030937778,0.6164677244519539,2.163121381859263,-0.1391600037168245,20.51999954134226,2.566586587520649,153.49587545315202,57.43707613010714
20250718111121164955,2025-07-18 11:11:21.164955,13,-1.2958943899649864,0.6160930434651384,2.2364959941530804,0.0697200018621515,31.359999299049377,2.657221714500248,154.5726893308544,57.31657821370855
20250718111121164955,2025-07-18 11:11:21.164955,14,-1.3521206678468205,0.6126022772447512,2.3151104857837543,0.0697200018621515,22.99999948590994,2.750136071522621,155.62625255789197,57.33245931903256
20250718111121164955,2025-07-18 11:11:21.164955,15,-1.403945843409711,0.5947238601813538,2.4171455366824106,-0.0697200018621515,11.359999746084211,2.857858104700112,157.04205518344062,57.75659159484239
20250718111121164955,2025-07-18 11:11:21.164955,16,-1.2249087416989892,0.6402411955049788,2.1567512994893208,-0.1391600037168245,22.879999488592148,2.5616179226733093,152.40461488612118,57.34649063666578
20250718111121164955,2025-07-18 11:11:21.164955,17,-1.2792969685666549,0.6534074988698,2.226497615961394,-0.0697200018621515,36.999999172985554,2.64968559026253,152.9440933888264,57.17048880129105
20250718111121164955,2025-07-18 11:11:21.164955,18,-1.3362094022437143,0.6515561096196013,2.304672837856816,0.0697200018621515,27.359999388456345,2.7425349259730725,154.00543033459388,57.17646563779319
20250718111121164955,2025-07-18 11:11:21.164955,19,-1.389321396833443,0.6351982294060105,2.4063004621345048,-0.0697200018621515,12.879999712109566,2.8502583476605223,155.4301040283292,57.59053766221352
20250718111121164955,2025-07-18 11:11:21.164955,20,-1.1535822034678682,0.5935583614460417,1.7174105427158823,0.0697200018621515,7.239999838173389,2.1523388211041388,152.77259637045643,52.9326556347494
20250718111121164955,2025-07-18 11:11:21.164955,21,-1.2070245162241635,0.6754798447802038,2.1473091318736603,-0.0697200018621515,24.99999944120645,2.554235249795617,150.7675779815257,57.2126022687393
20250718111121164955,2025-07-18 11:11:21.164955,22,-1.2615482662980304,0.6902242798412014,2.2166325892321934,-0.0697200018621515,42.51999904960394,2.6422289114170425,151.31583940598637,57.02680365118745
20250718111121164955,2025-07-18 11:11:21.164955,23,-1.31909563842377,0.6900314101822187,2.294363412142518,-0.0697200018621515,31.999999284744263,2.735006419978742,152.3855083552355,57.02285563751177
20250718111121164955,2025-07-18 11:11:21.164955,24,-1.373446654832294,0.6752306661861986,2.395573803028204,-0.0697200018621515,14.51999967545271,2.842721585379632,153.81978063296987,57.426802236558885
20250718111121164955,2025-07-18 11:11:21.164955,25,-1.1404228992790604,0.6157174873370058,1.711473022828419,0.0697200018621515,7.239999838173389,2.146814458979187,151.63526683897865,52.86498617123918
20250718111121164955,2025-07-18 11:11:21.164955,26,-1.19449719838536,0.6986775359885599,2.1410933292481147,-0.0697200018621515,26.519999407231808,2.5493635481814465,149.6760584976669,57.124712045460846
20250718111121164955,2025-07-18 11:11:21.164955,27,-1.249084043146376,0.7144759335730447,2.2101343781996268,-0.0697200018621515,47.11999894678593,2.6373055902185136,150.23044832742391,56.93240166630076
20250718111121164955,2025-07-18 11:11:21.164955,28,-1.3070259694035369,0.7153986420349918,2.287566282853354,-0.0697200018621515,36.51999918371439,2.7300314284213427,151.30597596793717,56.92182972030135
20250718111121164955,2025-07-18 11:11:21.164955,29,-1.3613732890675077,0.7130683948212757,2.370090572685927,-0.0697200018621515,15.999999642372131,2.824735932899601,152.3550781375924,57.03978421928575
20250718111121164955,2025-07-18 11:11:21.164955,30,-1.126807441156368,0.6376179802685004,1.7056048034335811,0.0697200018621515,7.1199998408555984,2.141340571628612,150.4961096603587,52.79836139446101
20250718111121164955,2025-07-18 11:11:21.164955,31,-1.181492097614977,0.7216285947558703,2.134943611585975,-0.0697200018621515,27.119999393820763,2.544534462361973,148.58436041494755,57.037949754263984
20250718111121164955,2025-07-18 11:11:21.164955,32,-1.2361202030540288,0.7384819628928447,2.2037019820299086,-0.0697200018621515,49.63999889045954,2.6324230646913405,149.1450937550933,56.839146104076576
20250718111121164955,2025-07-18 11:11:21.164955,33,-1.2898830380845718,0.7706009136598878,2.2125616350217543,0.0697200018621515,39.63999911397696,2.674519210781982,149.14509375509328,55.81977628922848
20250718111121164955,2025-07-18 11:11:21.164955,34,-1.342973845072925,0.7522543140351187,2.3595907372779066,-0.0697200018621515,17.11999961733818,2.817291917601387,150.74503692530516,56.881107678614114
20250718111121164955,2025-07-18 11:11:21.164955,35,-1.1127412751012595,0.6592510803357476,1.6998082317407808,0.0697200018621515,7.1199998408555984,2.135919744965046,149.35509271542284,52.73280115752884
20250718111121164955,2025-07-18 11:11:21.164955,36,-1.168014415779691,0.7443238409650483,2.1288624386922,-0.0697200018621515,26.87999939918518,2.539750172472213,147.4924431694043,56.95234305699289
20250718111121164955,2025-07-18 11:11:21.164955,37,-1.221125064088868,0.7781689041865001,2.1347219277269103,0.0697200018621515,49.359998896718025,2.579482695097402,147.4924431694043,55.850690420377504
20250718111121164955,2025-07-18 11:11:21.164955,38,-1.27583942298445,0.7953847151204964,2.205920835435012,0.0697200018621515,40.639999091625214,2.669548615495681,148.05973215808828,55.72328832997984
20250718111121164955,2025-07-18 11:11:21.164955,39,-1.3233811664404471,0.8118298839639847,2.297263061419034,0.0697200018621515,17.879999600350857,2.772692382062353,148.47291199623206,55.94818481271433
20250718111121164955,2025-07-18 11:11:21.164955,40,-1.1013148408928557,0.6963179507701565,1.7447214019295436,0.0697200018621515,6.8799998462200165,2.177568790575076,147.69644633126669,53.247190305284136
20250718111121164955,2025-07-18 11:11:21.164955,41,-1.1540695437722956,0.7667541968206155,2.122852242954758,-0.0697200018621515,25.75999942421913,2.535012851175092,146.40026778804855,56.86791907223084
20250718111121164955,2025-07-18 11:11:21.164955,42,-1.2065461064204608,0.8016191881569951,2.128438443074736,0.0697200018621515,46.23999896645546,2.5746061904101483,146.40026778804855,55.76168067010244
20250718111121164955,2025-07-18 11:11:21.164955,43,-1.2612854891489125,0.8198922762683525,2.199354054216987,0.0697200018621515,38.99999912828207,2.6646243047797205,146.97432154270118,55.62804363681297
20250718111121164955,2025-07-18 11:11:21.164955,44,-1.3089728401166605,0.8372573181710993,2.2904498009576417,-0.0697200018621515,17.999999597668648,2.767773474058352,147.39582921230118,55.84710077001032
20250718111121164955,2025-07-18 11:11:21.164955,45,-1.086322321371336,0.7174496070268563,1.739059191700829,0.0697200018621515,6.7599998489022255,2.172362077732839,146.5576723182986,53.18154347659384
20250718111121164955,2025-07-18 11:11:21.164955,46,-1.139663059355415,0.7889106904796983,2.1169154283717018,-0.0697200018621515,23.87999946624041,2.530324662427856,145.30779692282078,56.78470437275254
20250718111121164955,2025-07-18 11:11:21.164955,47,-1.191484546418125,0.8247831571747674,2.122231676282924,-0.0697200018621515,41.35999907553196,2.5697801401153,145.30779692282078,55.673922822548604
20250718111121164955,2025-07-18 11:11:21.164955,48,-1.2462270579571828,0.8441137944061983,2.192863917992496,0.0697200018621515,35.63999920338392,2.6597485108041403,145.88882148407515,55.53407335512655
20250718111121164955,2025-07-18 11:11:21.164955,49,-1.2940409421329704,0.8624013381332675,2.283712481114307,-0.0697200018621515,17.519999608397484,2.76290078076063,146.31890320813403,55.74731093718774
20250718111121164955,2025-07-18 11:11:21.164955,50,-1.070895287424796,0.7382874231721988,1.733475715692656,0.0697200018621515,6.519999854266644,2.1672155159879805,145.41717748761758,53.11703112178097
20250718111121164955,2025-07-18 11:11:21.164955,51,-1.124800724930474,0.8107844596406449,2.1110543695896014,-0.0697200018621515,21.7599995136261,2.5256877602273486,144.21499488266326,56.70272498321122
20250718111121164955,2025-07-18 11:11:21.164955,52,-1.175946408504775,0.8476515459614722,2.1161041099753253,-0.0697200018621515,35.999999195337296,2.5650067647670283,144.21499488266326,55.58744505120194
20250718111121164955,2025-07-18 11:11:21.164955,53,-1.230670152580692,0.8680395812501613,2.186453022729376,0.0697200018621515,31.239999301731583,2.6549234564620434,144.80319315601275,55.4414080996102
20250718111121164955,2025-07-18 11:11:21.164955,54,-1.2827645617831085,0.8858377241582505,2.261872880157517,-0.0697200018621515,16.519999630749226,2.747046108186126,145.37223564428444,55.42495979282938
20250718111121164955,2025-07-18 11:11:21.164955,55,-1.111099498433048,0.8354789625849921,2.0481039651543487,-0.0697200018621515,19.519999563694,2.4753377637044265,143.0590694739531,55.83296569899565
20250718111121164955,2025-07-18 11:11:21.164955,56,-1.1599379077281256,0.8702152074669119,2.110058195096653,-0.0697200018621515,30.63999931514263,2.560288273571148,143.12182766366135,55.50227498251714
20250718111121164955,2025-07-18 11:11:21.164955,57,-1.2146209955738902,0.891660066804938,2.1801239327001425,-0.0697200018621515,26.75999940186739,2.65015135408441,143.7173993589073,55.35007795003904
20250718111121164955,2025-07-18 11:11:21.164955,58,-1.2667515513284269,0.9104649791036864,2.255274027083092,-0.0697200018621515,15.239999659359457,2.74223757326072,144.29368731327563,55.327894191823695
20250718111121218529,2025-07-18 11:11:21.218529,1,-1.162194081458848,0.4953037854189817,1.9457830371126448,-0.0697200018621515,23.639999471604824,2.3199337383519505,156.91727055745716,57.00557303157437
20250718111121218529,2025-07-18 11:11:21.218529,2,-1.222282153494795,0.5071451276982754,1.891600799502717,-0.0697200018621515,25.99999941885472,2.3085327435363125,157.4656275946558,55.02430321522529
20250718111121218529,2025-07-18 11:11:21.218529,3,-1.148450100562306,0.5196428152494224,1.9000294394776087,-0.0697200018621515,24.99999944120645,2.280148714405162,155.65452589219805,56.4383951510372
20250718111121218529,2025-07-18 11:11:21.218529,4,-1.2061968880624547,0.5423337254687386,1.8821720431473383,-0.0697200018621515,25.63999942690134,2.300349626156376,155.7902256673518,54.9061361504535
20250718111121218529,2025-07-18 11:11:21.218529,5,-1.078597724105632,0.5260380427070019,1.946031242770155,-0.0697200018621515,10.87999975681305,2.2862910293001666,154.00125379954258,58.33957924563003
20250718111121218529,2025-07-18 11:11:21.218529,6,-1.1376649081639665,0.5417257261457092,1.8941123413364207,-0.0697200018621515,25.63999942690134,2.274952695604627,154.53745418083506,56.36615109587695
20250718111121218529,2025-07-18 11:11:21.218529,7,-1.195048649463293,0.555301934392409,1.8374616443899103,-0.0697200018621515,24.35999945551157,2.2611428100692947,155.07717255800802,54.353220008913375
20250718111121218529,2025-07-18 11:11:21.218529,8,-1.3092679193407042,0.6219407508556863,2.1176880674055107,-0.0697200018621515,9.759999781847,2.5662415188406094,154.5909076273373,55.609784074671744
20250718111121218529,2025-07-18 11:11:21.218529,9,-1.1264246649913665,0.5635958805842902,1.888252251116259,-0.0697200018621515,25.23999943584204,2.269795014171569,153.41934355846195,56.29485633570182
20250718111121218529,2025-07-18 11:11:21.218529,10,-1.183241449182559,0.5782752179470186,1.8313059716139617,-0.0697200018621515,22.51999949663877,2.255691494071002,153.9542582109686,54.27807053151604
20250718111121218529,2025-07-18 11:11:21.218529,11,-1.056857254972511,0.567297365477786,1.9349758405534685,-0.0697200018621515,10.519999764859676,2.276599451329036,151.77409020374498,58.2052827144544
20250718111121218529,2025-07-18 11:11:21.218529,12,-1.1147338669917055,0.5852445307953791,1.882451512774974,-0.0697200018621515,23.87999946624041,2.264678002055253,152.30015445881628,56.22453306571022
20250718111121218529,2025-07-18 11:11:21.218529,13,-1.1646447749622213,0.6122960279019046,1.8221901230606967,-0.0697200018621515,20.119999550282955,2.2475944300988138,152.26746594095252,54.16722397750584
20250718111121218529,2025-07-18 11:11:21.218529,14,-1.0453507105290358,0.5876038115710208,1.92953474472164,-0.0697200018621515,10.239999771118164,2.27181440229266,150.659152007077,58.13956955357059
20250718111121218529,2025-07-18 11:11:21.218529,15,-1.0963631576172526,0.6172832688281111,1.873866758792591,-0.0697200018621515,21.99999950826168,2.2570838347441686,150.61926628314615,56.12091669323852
20250718111121218529,2025-07-18 11:11:21.218529,16,-1.1516636414023722,0.634670594435807,1.8161948760269413,-0.0697200018621515,17.759999603033066,2.242253271616788,151.14126960749104,54.09461229599732
20250718111121218529,2025-07-18 11:11:21.218529,17,-1.0334260397578634,0.6076839219655696,1.9241542953574928,-0.0697200018621515,9.759999781847,2.2670727560022788,149.54326016980943,58.07483868121051
20250718111121218529,2025-07-18 11:11:21.218529,18,-1.0835668203653708,0.6383404769213978,1.8682244968891408,-0.0697200018621515,19.879999555647373,2.252078681895826,149.4972191177993,56.05311507805276
20250718111121218529,2025-07-18 11:11:21.218529,19,-1.138221857761864,0.656789926686251,1.81026801881332,-0.0697200018621515,15.519999653100967,2.236960505959303,150.0136976927871,54.02305598206871
20250718111121218529,2025-07-18 11:11:21.218529,20,-1.19196634806503,0.7021997654390386,1.8550417360006288,-0.0697200018621515,9.63999978452921,2.31409769193229,149.4972191177993,53.285691251804565
20250718111121218529,2025-07-18 11:11:21.218529,21,-1.2457931633319794,0.7454436587150118,2.084595562981709,-0.0697200018621515,9.239999793469906,2.5403199631790776,149.1050175941456,55.14525646682918
20250718111121218529,2025-07-18 11:11:21.218529,22,-1.0217528777763825,0.62482162626047,1.9071523199498297,-0.0697200018621515,9.239999793469906,2.2520237519566964,148.55340839069922,57.871937271223466
20250718111121218529,2025-07-18 11:11:21.218529,23,-1.070337070852082,0.6591462839465753,1.8626495976988664,-0.0697200018621515,17.639999605715275,2.2471223359418024,148.37396868716672,55.98635761756817
20250718111121218529,2025-07-18 11:11:21.218529,24,-1.1243248005746924,0.6786451772156528,1.8044119220835864,-0.0697200018621515,13.519999697804453,2.2317186019529367,148.8847171399885,53.9525770628774
20250718111121218529,2025-07-18 11:11:21.218529,25,-1.1774131004786446,0.7250869758558214,1.8489091264524504,-0.0697200018621515,8.879999801516533,2.3087913915322966,148.37396868716672,53.2077655656505
20250718111121218529,2025-07-18 11:11:21.218529,26,-1.2315819773901886,0.7693740621638413,2.0781834307030445,-0.0697200018621515,8.879999801516533,2.5352666499229413,148.00681824395704,55.05577437080039
20250718111121218529,2025-07-18 11:11:21.218529,27,-1.008998129164376,0.6444378281434205,1.901896174496727,-0.0697200018621515,8.759999804198742,2.247350973382819,147.43400316613435,57.80972024050177
20250718111121218529,2025-07-18 11:11:21.218529,28,-1.0635613134464674,0.6694523074002401,1.859888107037281,-0.0697200018621515,15.519999653100967,2.244663188552394,147.81188232922338,55.953376507608965
20250718111121218529,2025-07-18 11:11:21.218529,29,-1.1172072744221644,0.6894710357977865,1.80151114201913,-0.0697200018621515,11.759999737143517,2.229117493100116,148.31968883067353,53.91774833133768
20250718111121218529,2025-07-18 11:11:21.218529,30,-1.1699594994100722,0.7364240091686309,1.8458713775317184,-0.0697200018621515,8.119999818503857,2.3061584277604843,147.8118823292234,53.16923545412754
20250718111121218529,2025-07-18 11:11:21.218529,31,-1.216878175100337,0.7930251589696323,2.0718461384138225,-0.0697200018621515,8.51999980956316,2.5302624008301207,146.90818680758028,54.96750302825094
20250718111121218529,2025-07-18 11:11:21.218529,32,-0.9971860969713192,0.6553585301626936,1.861700381316878,-0.0697200018621515,8.119999818503857,2.2112899459015565,146.68676855323858,57.34204042044373
20250718111121218529,2025-07-18 11:11:21.218529,33,-1.0496914211198611,0.6898654413242257,1.8544184242873607,-0.0697200018621515,13.519999697804453,2.239784386730678,146.68676855323858,55.88822130137388
20250718111121218529,2025-07-18 11:11:21.218529,34,-1.102637785661311,0.7109138068212346,1.7957655688399117,-0.0697200018621515,10.239999771118164,2.2239564980745623,147.1885376627973,53.84892537627866
20250718111121218529,2025-07-18 11:11:21.218529,35,-1.1547020694169448,0.7588792636472897,1.8398545102283264,-0.0697200018621515,7.35999983549118,2.300934424254012,146.68676855323858,53.09305598466761
20250718111121218529,2025-07-18 11:11:21.218529,36,-1.2016876377870291,0.8163874890094298,2.0655862209463494,-0.0697200018621515,8.119999818503857,2.5253095151257625,145.8090872665052,54.8804711878576
20250718111121218529,2025-07-18 11:11:21.218529,37,-0.983611112352652,0.6744921993395064,1.8565735301127064,-0.0697200018621515,7.519999831914902,2.2066480961015564,145.5603764481921,57.28343986638757
20250718111121218529,2025-07-18 11:11:21.218529,38,-1.0356606051168438,0.7069099415491438,1.8367644418606173,-0.0697200018621515,11.879999734461308,2.223964516204237,145.68376203783782,55.67948507238595
20250718111121218529,2025-07-18 11:11:21.218529,39,-1.0874641110667371,0.7285244512455218,1.7773025347075864,-0.0697200018621515,8.999999798834324,2.2072902774213383,146.18069681911996,53.6292423040378
20250718111121218529,2025-07-18 11:11:21.218529,40,-1.1389827740125194,0.7810352959677447,1.8339178192605827,-0.0697200018621515,6.7599998489022255,2.2957683813586613,145.56037644819213,53.01807079121421
20250718111121218529,2025-07-18 11:11:21.218529,41,-1.1939117347113106,0.8279574416839423,2.0624860614707474,-0.0697200018621515,7.759999826550484,2.5228530494823325,145.25935116350766,54.83742891465555
20250718111121271541,2025-07-18 11:11:21.271541,1,-1.208798994795036,0.5461080364669566,2.059086653798804,-0.0697200018621515,9.359999790787697,2.4493400836069377,155.6876240720717,57.21093452624514
20250718111121271541,2025-07-18 11:11:21.271541,2,-1.114363713666456,0.5973995533185122,1.983638788204308,-0.0697200018621515,12.879999712109566,2.352342567465527,151.80467361665788,57.48609427950392
20250718111121271541,2025-07-18 11:11:21.271541,3,-1.096426556139062,0.6294338464821688,1.975055225221004,-0.0697200018621515,12.879999712109566,2.345033326581329,150.1408350122968,57.37625732894941
20250718111121271541,2025-07-18 11:11:21.271541,4,-1.3173261330942556,0.6041962816967732,2.449894633226037,-0.0697200018621515,6.999999843537808,2.846468865394282,155.36127598616648,59.392853551847374
20250718111121271541,2025-07-18 11:11:21.271541,5,-1.0297018537498477,0.6179574569805018,1.9709418974446933,-0.0697200018621515,6.239999860525131,2.3079794820051087,149.03066538178442,58.64597104113105
20250718111121271541,2025-07-18 11:11:21.271541,6,-1.0839192458411506,0.6504950712606407,1.969411887050002,-0.0697200018621515,12.759999714791777,2.3402153640409007,149.03066538178442,57.30432486624959
20250718111121271541,2025-07-18 11:11:21.271541,7,-1.3020653067948154,0.6861846946508756,2.3695713333350805,-0.0697200018621515,7.35999983549118,2.7894608443380564,152.21089763324497,58.15438296986809
20250718111121271541,2025-07-18 11:11:21.271541,8,-1.070978382316348,0.6713104773673242,1.9638344157935903,-0.0697200018621515,12.519999720156193,2.3354438689609816,147.9196988491362,57.2334514248106
20250718111121271541,2025-07-18 11:11:21.271541,9,-1.125497128184785,0.7041993168729096,2.016726222883627,-0.0697200018621515,8.239999815821648,2.414503079621753,147.96667151791897,56.64241943250727
20250718111121271541,2025-07-18 11:11:21.271541,10,-1.23550195426051,0.692054933535076,2.3308143790519664,-0.0697200018621515,6.8799998462200165,2.7272881731872745,150.74503692530516,58.71856265519892
20250718111121271541,2025-07-18 11:11:21.271541,11,-1.2904626304941396,0.7112274257544099,2.362861153759619,-0.0697200018621515,7.639999829232693,2.784645593929924,151.1390197889804,58.05236886397459
20250718111121271541,2025-07-18 11:11:21.271541,12,-1.0576091417372888,0.6918717389176843,1.9583250423658063,-0.0697200018621515,11.9999997317791,2.3307210410849906,146.8079015594486,57.16365800496638
20250718111121271541,2025-07-18 11:11:21.271541,13,-1.110510508455267,0.7264790046247175,1.9562404705426648,-0.0697200018621515,7.999999821186066,2.363870155515967,146.8079015594486,55.84873176202677
20250718111121271541,2025-07-18 11:11:21.271541,14,-1.2174771857004714,0.7468629503429542,2.2734744944289926,-0.0697200018621515,7.1199998408555984,2.684909913035312,148.47291199623206,57.86100561140794
20250718111121271541,2025-07-18 11:11:21.271541,15,-1.2720923081672098,0.7483587797657858,2.3529118374383966,-0.0697200018621515,7.879999823868275,2.777490561371622,149.53214000745535,57.9015022079641
20250718111121271541,2025-07-18 11:11:21.271541,16,-0.9982064929620548,0.6669378867027753,1.957817630855681,-0.0697200018621515,6.239999860525131,2.2965783729279785,146.2516812905954,58.48389679648169
20250718111121271541,2025-07-18 11:11:21.271541,17,-1.0507655445165605,0.7020544913512253,1.955596582074513,-0.0697200018621515,11.519999742507936,2.3283785624745663,146.2516812905954,57.12917270226328
20250718111121271541,2025-07-18 11:11:21.271541,18,-1.103324596071066,0.7371710959996753,1.953375533293345,-0.0697200018621515,7.519999831914902,2.361444973557886,146.2516812905954,55.81166821657791
20250718111121271541,2025-07-18 11:11:21.271541,19,-1.208152276550814,0.7688044365853262,2.2532806316146576,-0.0697200018621515,7.1199998408555984,2.669825048548677,147.52947401649635,57.562882956522245
20250718111121271541,2025-07-18 11:11:21.271541,20,-1.259208365129194,0.7728100812124526,2.346360130961872,-0.0697200018621515,8.119999818503857,2.7727688314394965,148.46143872333244,57.80240796701444
20250718111121271541,2025-07-18 11:11:21.271541,21,-0.9849051295132056,0.6860939121386573,1.9526847893099464,-0.0697200018621515,6.11999986320734,2.292104023995766,145.13857832544244,58.42090390176491
20250718111121271541,2025-07-18 11:11:21.271541,22,-1.0367638179142131,0.7222191483032943,1.9501934785285555,-0.0697200018621515,10.87999975681305,2.3237328409279967,145.13857832544244,57.06103738261098
20250718111121271541,2025-07-18 11:11:21.271541,23,-1.0886225063152206,0.7583443844679313,1.9477021677471644,-0.0697200018621515,7.1199998408555984,2.3566350801422526,145.13857832544244,55.73841440347571
20250718111121271541,2025-07-18 11:11:21.271541,24,-1.1943704729951252,0.7920117973707685,2.247062238033741,-0.0697200018621515,7.239999838173389,2.6651626996366056,146.45081773141655,57.47147572191387
20250718111121271541,2025-07-18 11:11:21.271541,25,-1.238939741404162,0.8090081819115131,2.3366608791120185,-0.0697200018621515,8.119999818503857,2.76576390626585,146.85609457396322,57.65607119334686
20250718111121271541,2025-07-18 11:11:21.271541,26,-0.9747224514248276,0.6950303989243909,1.900749877394673,-0.0697200018621515,5.999999865889549,2.246330609940685,144.50905400001665,57.79618371342432
20250718111121271541,2025-07-18 11:11:21.271541,27,-1.0234254038308763,0.7395991952036596,1.9325175938426635,-0.0697200018621515,10.119999773800371,2.308469358095041,144.14547644268865,56.83958370411456
20250718111121271541,2025-07-18 11:11:21.271541,28,-1.1801109371963217,0.814948290594424,2.2409164231972603,-0.0697200018621515,7.239999838173389,2.6605467400871494,145.37223564428444,57.38131599308792
20250718111121271541,2025-07-18 11:11:21.271541,29,-1.224806734775134,0.8328069381844189,2.330284021587828,-0.0697200018621515,7.999999821186066,2.7611487745331966,145.786269708991,57.56009504400174
20250718111121271541,2025-07-18 11:11:21.271541,30,-1.1653793727783424,0.8376047419652293,2.234845645349098,-0.0697200018621515,7.1199998408555984,2.655979262870045,144.29368731327563,57.29243220418884
20250718111121271541,2025-07-18 11:11:21.271541,31,-1.2146784034038287,0.8553117730029823,2.3095232075655736,-0.0697200018621515,7.879999823868275,2.7460697913594903,144.84883545035837,57.24889620949536
20250718111121329328,2025-07-18 11:11:21.329328,1,-1.125765638088263,0.5757608445562096,1.9894368627424188,0.0697200018621515,8.119999818503857,2.357267030453434,152.91301046731874,57.56057850047157
20250718111121329328,2025-07-18 11:11:21.329328,2,1.1729097491195069,0.2207987874919063,1.4182347158596151,-0.0697200018621515,10.639999762177467,1.8536070493518533,10.66109256214907,49.91780767664024
20250718111121329328,2025-07-18 11:11:21.329328,3,-1.235953229860883,0.3033137929106024,1.4384828226755015,0.0697200018621515,9.63999978452921,1.9206281458173635,166.2116054784609,48.50078271155121
20250718111121329328,2025-07-18 11:11:21.329328,4,-1.1653987165506274,0.2433858652628522,1.4121825266115111,-0.0697200018621515,10.639999762177467,1.847065330846332,168.20370327740838,49.86739465863047
20250718111121329328,2025-07-18 11:11:21.329328,5,-1.2805156660381694,0.624398993353743,2.291973953511219,-0.0697200018621515,9.879999779164793,2.698655049732031,154.00543033459388,58.135865107633
20250718111121329328,2025-07-18 11:11:21.329328,6,-1.3337309629572986,0.6097822635607281,2.39004330304546,-0.0697200018621515,7.639999829232693,2.804100511917628,155.4301040283292,58.46695457832234
20250718111121329328,2025-07-18 11:11:21.329328,7,-1.1532591376984591,0.2769831569027164,1.4031801594487368,-0.0697200018621515,10.519999764859676,1.8372917209205977,166.49482665252842,49.79343159652839
20250718111121329328,2025-07-18 11:11:21.329328,8,-1.207446360445557,0.374139323307775,1.4195051790020732,0.0697200018621515,9.519999787211418,1.9007635044402893,162.78388249200862,48.31461874625772
20250718111121329328,2025-07-18 11:11:21.329328,9,-1.2641152106608025,0.6612706281762711,2.282094228736907,-0.0697200018621515,9.759999781847,2.691323127821508,152.38550835523552,57.988864404767725
20250718111121329328,2025-07-18 11:11:21.329328,10,-1.318491411486956,0.6482128963704296,2.379745846019484,-0.0697200018621515,7.639999829232693,2.796746297545202,153.81978063296987,58.30947612662721
20250718111121329328,2025-07-18 11:11:21.329328,11,-1.0839192458411506,0.6504950712606407,1.969411887050002,0.0697200018621515,7.879999823868275,2.3402153640409007,149.03066538178442,57.30432486624959
20250718111121329328,2025-07-18 11:11:21.329328,12,-1.1400817035114108,0.3102136056860679,1.3942760875331135,-0.0697200018621515,10.119999773800371,1.827573413053735,164.77846140806332,49.72151269941045
20250718111121329328,2025-07-18 11:11:21.329328,13,-1.1969728826220083,0.3973650034241756,1.41328187677122,0.0697200018621515,9.239999793469906,1.8942039728837856,161.6351267744303,48.2544079503684
20250718111121329328,2025-07-18 11:11:21.329328,14,-1.2525486102175245,0.6855805437755433,2.2755804064840133,-0.0697200018621515,9.63999978452921,2.6864781572414413,151.30597596793717,57.89220944114884
20250718111121329328,2025-07-18 11:11:21.329328,15,-1.3020653067948154,0.6861846946508756,2.3695713333350805,-0.0697200018621515,7.519999831914902,2.7894608443380564,152.21089763324497,58.15438296986809
20250718111121329328,2025-07-18 11:11:21.329328,16,-1.070978382316348,0.6713104773673242,1.9638344157935903,0.0697200018621515,7.759999826550484,2.3354438689609816,147.9196988491362,57.2334514248106
20250718111121329328,2025-07-18 11:11:21.329328,17,-1.125878272790271,0.343047306453326,1.3854783239280015,-0.0697200018621515,9.759999781847,1.817920109817929,163.05438463906307,49.65169636816417
20250718111121329328,2025-07-18 11:11:21.329328,18,-1.1803663277412615,0.4318125863787233,1.404051674737345,0.0697200018621515,8.879999801516533,1.8844330401352063,159.90599975069472,48.16589352272898
20250718111121329328,2025-07-18 11:11:21.329328,19,-1.2342608300746227,0.7216143474974474,2.2659251778765075,-0.0697200018621515,9.239999793469906,2.679280495749809,149.68717882316233,57.74932355413279
20250718111121329328,2025-07-18 11:11:21.329328,20,-1.2844674312657087,0.7236634863481608,2.3595289213664987,-0.0697200018621515,7.239999838173389,2.782251274457585,150.60327459144855,58.00178863424211
20250718111121329328,2025-07-18 11:11:21.329328,21,-1.0576091417372888,0.6918717389176843,1.9583250423658063,0.0697200018621515,7.35999983549118,2.3307210410849906,146.8079015594486,57.16365800496638
20250718111121329328,2025-07-18 11:11:21.329328,22,-1.1106616276634145,0.3754547110913297,1.3767947860264602,-0.0697200018621515,9.359999790787697,1.808341608788081,161.32238183702037,49.58403527695
20250718111121329328,2025-07-18 11:11:21.329328,23,-1.168704190268837,0.4545036210555893,1.397971630320252,0.0697200018621515,8.51999980956316,1.877969037307284,158.7491731037332,48.10811381759822
20250718111121329328,2025-07-18 11:11:21.329328,24,-1.2214508353259668,0.745335490872569,2.2595691166656007,-0.0697200018621515,8.879999801516533,2.6745316842508555,148.60824652157373,57.655508731765046
20250718111121329328,2025-07-18 11:11:21.329328,25,-1.2720923081672098,0.7483587797657858,2.3529118374383966,-0.0697200018621515,6.999999843537808,2.777490561371622,149.53214000745535,57.9015022079641
20250718111121329328,2025-07-18 11:11:21.329328,26,-1.0507655445165605,0.7020544913512253,1.955596582074513,0.0697200018621515,7.1199998408555984,2.3283785624745663,146.2516812905954,57.12917270226328
20250718111121329328,2025-07-18 11:11:21.329328,27,-1.099961025975468,0.3968083975416098,1.3710730829866802,-0.0697200018621515,8.879999801516533,1.8020023756685628,160.16320829260977,49.54014856829851
20250718111121329328,2025-07-18 11:11:21.329328,28,-1.1565745867237172,0.4769648375059213,1.391953165511365,-0.0697200018621515,8.119999818503857,1.8715485154944007,157.5890252494464,48.05133971687343
20250718111121329328,2025-07-18 11:11:21.329328,29,-1.208152276550814,0.7688044365853262,2.2532806316146576,-0.0697200018621515,8.359999813139439,2.669825048548677,147.52947401649635,57.562882956522245
20250718111121329328,2025-07-18 11:11:21.329328,30,-1.252577188677757,0.7849411747165232,2.34310961425415,-0.0697200018621515,6.6399998515844345,2.7704232394656705,147.92623549939006,57.75331784799815
20250718111121329328,2025-07-18 11:11:21.329328,31,-1.0367638179142131,0.7222191483032943,1.9501934785285555,0.0697200018621515,6.8799998462200165,2.3237328409279967,145.13857832544244,57.06103738261098
20250718111121329328,2025-07-18 11:11:21.329328,32,-1.0830865659085096,0.4284407000280768,1.3625972330806944,-0.0697200018621515,8.359999813139439,1.792570545973352,158.41754511252566,49.47618038094083
20250718111121329328,2025-07-18 11:11:21.329328,33,-1.137514346219929,0.510206126118921,1.383046189072142,-0.0697200018621515,7.639999829232693,1.8620058915299929,155.8424681069491,47.96810190816323
20250718111121329328,2025-07-18 11:11:21.329328,34,-1.1943704729951252,0.7920117973707685,2.247062238033741,-0.0697200018621515,7.879999823868275,2.6651626996366056,146.45081773141655,57.47147572191387
20250718111121329328,2025-07-18 11:11:21.329328,35,-1.2435411215117904,0.8078162866482569,2.322249584778446,-0.0697200018621515,6.239999860525131,2.7553229951983207,146.99185869936397,57.439432825316224
20250718111121329328,2025-07-18 11:11:21.329328,36,-1.0223473996265708,0.7421092979103487,1.944863929004011,0.0697200018621515,6.519999854266644,2.319141245786708,144.02456791332355,56.994031970225606
20250718111121329328,2025-07-18 11:11:21.329328,37,-1.071294449567234,0.4492511158732139,1.357021098960834,-0.0697200018621515,7.759999826550484,1.786338329044014,157.24908711814942,49.43479191207885
20250718111121329328,2025-07-18 11:11:21.329328,38,-1.1242377078159909,0.5320537011044845,1.3771921489981818,-0.0697200018621515,7.1199998408555984,1.8557073529510424,154.67380505254914,47.9139157687848
20250718111121329328,2025-07-18 11:11:21.329328,39,-1.1801109371963217,0.814948290594424,2.2409164231972603,-0.0697200018621515,7.35999983549118,2.6605467400871494,145.37223564428444,57.38131599308792
20250718111121329328,2025-07-18 11:11:21.329328,40,-1.2293556253762994,0.8317034306934172,2.31584904382206,-0.0697200018621515,5.879999868571758,2.7506731256263617,145.9202306107654,57.34351549176604
20250718111121382826,2025-07-18 11:11:21.382826,1,-1.1614378294733791,0.4982600980982615,1.9580542635735885,-0.0697200018621515,18.23999959230423,2.330488673258772,156.7805314724555,57.16023325662235
20250718111121382826,2025-07-18 11:11:21.382826,2,-1.2219765549547568,0.5104554298786184,1.9044553339177768,-0.0697200018621515,28.11999937146902,2.319642551265072,157.32827603718846,55.18626920377803
20250718111121382826,2025-07-18 11:11:21.382826,3,-1.2807000904216357,0.5205826389859234,1.8461098502687625,-0.0697200018621515,24.75999944657088,2.306365232325289,157.8791005679539,53.172258510083786
20250718111121382826,2025-07-18 11:11:21.382826,4,-1.15136343300418,0.5206007869984965,1.9520680940244155,-0.0697200018621515,18.879999577999115,2.325345733002028,155.66940764851452,57.08465366943428
20250718111121382826,2025-07-18 11:11:21.382826,5,-1.205895311207277,0.5456352296934918,1.8950289349674936,-0.0697200018621515,28.759999357163903,2.3115008046371948,155.65452589219805,55.06740009589844
20250718111121382826,2025-07-18 11:11:21.382826,6,-1.2638460433959526,0.5574530458863174,1.8362304545151948,-0.0697200018621515,24.23999945819378,2.297782191998323,156.19884159655209,53.04726003353679
20250718111121382826,2025-07-18 11:11:21.382826,7,-1.1353896542198303,0.5537357793989628,1.943189599569499,-0.0697200018621515,18.999999575316902,2.317696874090974,154.00125379954255,56.97302314886242
20250718111121382826,2025-07-18 11:11:21.382826,8,-1.1945706459586451,0.5688227227283238,1.888815864934308,-0.0697200018621515,28.23999936878681,2.306118750130977,154.53745418083508,54.98934462394252
20250718111121382826,2025-07-18 11:11:21.382826,9,-1.251977157901292,0.581754841453467,1.8297188080183509,-0.0697200018621515,22.879999488592148,2.2921074180494334,155.07717255800802,52.96514173893444
20250718111121382826,2025-07-18 11:11:21.382826,10,-1.0679410706241366,0.5467727059931902,1.9404754064872896,-0.0697200018621515,6.999999843537808,2.2814257221147822,152.8881113664327,58.27195915646142
20250718111121382826,2025-07-18 11:11:21.382826,11,-1.124903877639243,0.5726562163531735,1.925056515711244,-0.0697200018621515,18.759999580681324,2.301996191295297,153.02066410404902,56.7467757581397
20250718111121382826,2025-07-18 11:11:21.382826,12,-1.1827681684003848,0.5917868172762287,1.882662654345285,-0.0697200018621515,26.6399994045496,2.3007761402078133,153.41934355846195,54.91227149442824
20250718111121382826,2025-07-18 11:11:21.382826,13,-1.2396074982586625,0.6058225028539281,1.823269897582392,-0.0697200018621515,20.999999530613422,2.2864734361311534,153.9542582109686,52.8840271151092
20250718111121382826,2025-07-18 11:11:21.382826,14,-1.113228863400615,0.5942756386944769,1.919263608954064,-0.0697200018621515,17.999999597668648,2.296957735290167,151.905335586281,56.67499358441917
20250718111121382826,2025-07-18 11:11:21.382826,15,-1.1641789326014509,0.6257940193613459,1.873550452009736,-0.0697200018621515,24.23999945819378,2.292841476859525,151.74014357551434,54.79855801599511
20250718111121382826,2025-07-18 11:11:21.382826,16,-1.2201249346431555,0.6414639614472224,1.813719797535252,-0.0697200018621515,18.879999577999115,2.2781045572898626,152.26746594095252,52.7642962574551
20250718111121382826,2025-07-18 11:11:21.382826,17,-1.0963631576172526,0.6172832688281111,1.873866758792591,-0.0697200018621515,16.8799996227026,2.2570838347441686,150.61926628314615,56.12091669323852
20250718111121382826,2025-07-18 11:11:21.382826,18,-1.151202991321714,0.6481596363673583,1.8675576029947512,-0.0697200018621515,21.51999951899052,2.287608061261244,150.61926628314615,54.7240483793765
20250718111121382826,2025-07-18 11:11:21.382826,19,-1.206525419085445,0.6649043847563227,1.8074389550393344,-0.0697200018621515,16.759999625384808,2.272583772704798,151.14126960749104,52.68580819604995
20250718111121382826,2025-07-18 11:11:21.382826,20,-1.0835668203653708,0.6383404769213978,1.8682244968891408,-0.0697200018621515,15.639999650418758,2.252078681895826,149.4972191177993,56.05311507805276
20250718111121382826,2025-07-18 11:11:21.382826,21,-1.1377665842152005,0.6702701211802181,1.8616331164448847,-0.0697200018621515,18.879999577999115,2.2824225497808164,149.4972191177993,54.65060557135616
20250718111121382826,2025-07-18 11:11:21.382826,22,-1.192443309468464,0.688077415191546,1.8012297602480345,-0.0697200018621515,14.6399996727705,2.267112750790303,150.0136976927871,52.60841609629527
20250718111121382826,2025-07-18 11:11:21.382826,23,-1.070337070852082,0.6591462839465753,1.8626495976988664,-0.0697200018621515,14.119999684393406,2.2471223359418024,148.37396868716672,55.98635761756817
20250718111121382826,2025-07-18 11:11:21.382826,24,-1.1241561504566413,0.6888517585413431,1.8429126545089376,-0.0697200018621515,16.239999637007713,2.265959145263695,148.5011863320457,54.41996610526597
20250718111121382826,2025-07-18 11:11:21.382826,25,-1.177884238448049,0.710973783850102,1.7950946967563688,-0.0697200018621515,12.759999714791777,2.2616940488999195,148.8847171399885,52.53214492842056
20250718111121382826,2025-07-18 11:11:21.382826,26,-1.008341563405964,0.6471331022981995,1.9135839193452948,-0.0697200018621515,6.239999860525131,2.257728366513336,147.30847796047723,57.94839669708718
20250718111121382826,2025-07-18 11:11:21.382826,27,-1.0635613134464674,0.6694523074002401,1.859888107037281,-0.0697200018621515,12.759999714791777,2.244663188552394,147.81188232922338,55.953376507608965
20250718111121382826,2025-07-18 11:11:21.382826,28,-1.1172072744221644,0.6894710357977865,1.80151114201913,-0.0697200018621515,13.999999687075617,2.229117493100116,148.31968883067353,53.91774833133768
20250718111121382826,2025-07-18 11:11:21.382826,29,-1.1704276548455887,0.7223153536394056,1.7920557322904238,-0.0697200018621515,11.119999751448631,2.259005115745764,148.31968883067353,52.49443732463288
20250718111121382826,2025-07-18 11:11:21.382826,30,-1.2231585923918746,0.7699098600528265,1.838863012778937,-0.0697200018621515,6.8799998462200165,2.3388662455375817,147.8118823292234,51.8336384252616
20250718111121382826,2025-07-18 11:11:21.382826,31,-0.9951917912808736,0.6664863930908353,1.9083982207065235,-0.0697200018621515,5.999999865889549,2.2531299524004136,146.189523345,57.88672046721037
20250718111121382826,2025-07-18 11:11:21.382826,32,-1.0496914211198611,0.6898654413242257,1.8544184242873607,-0.0697200018621515,11.519999742507936,2.239784386730678,146.68676855323858,55.88822130137388
20250718111121382826,2025-07-18 11:11:21.382826,33,-1.102637785661311,0.7109138068212346,1.7957655688399117,-0.0697200018621515,12.11999972909689,2.2239564980745623,147.1885376627973,53.84892537627866
20250718111121382826,2025-07-18 11:11:21.382826,34,-1.155164119642164,0.7447795935140934,1.786036457357422,-0.0697200018621515,9.759999781847,2.2536696770453126,147.18853766279727,52.419892991589165
20250718111121382826,2025-07-18 11:11:21.382826,35,-1.2072073935654868,0.7933861748088218,1.8325725531988093,-0.0697200018621515,6.359999857842922,2.3334809783228474,146.68676855323858,51.75200026030987
20250718111121382826,2025-07-18 11:11:21.382826,36,-0.9816439557261122,0.685581796205341,1.9032816228628449,-0.0697200018621515,5.759999871253967,2.248583596629037,145.06948670208462,57.82609629247671
20250718111121382826,2025-07-18 11:11:21.382826,37,-1.0354016662392744,0.7100065648822526,1.849021626495332,-0.0697200018621515,10.239999771118164,2.2349601580060448,145.5603764481921,55.824157342456445
20250718111121382826,2025-07-18 11:11:21.382826,38,-1.087627256507549,0.7320708472941965,1.790096556930949,-0.0697200018621515,10.519999764859676,2.218852509224581,146.0559039628444,53.781232022417086
20250718111121382826,2025-07-18 11:11:21.382826,39,-1.13943853421352,0.7669444914978175,1.780097390842365,-0.0697200018621515,8.639999806880951,2.248392925441035,146.0559039628444,52.34652924488441
20250718111121382826,2025-07-18 11:11:21.382826,40,-1.1907733278991417,0.8165496615104908,1.826365915643208,-0.0697200018621515,5.879999868571758,2.3281552624282056,145.5603764481921,51.671605206698096
20250718111121382826,2025-07-18 11:11:21.382826,41,0.126440023443095,0.0803682388447439,1.796130255463856,-2.5048800669028424,5.999999865889549,1.8023678947251447,32.44099490826315,85.23183400232027
20250718111121435783,2025-07-18 11:11:21.435783,1,-1.2619810183903382,0.585049859552371,2.0013247128263307,-0.0697200018621515,8.759999804198742,2.4372484557609546,155.12773064911383,55.19917910521769
20250718111121435783,2025-07-18 11:11:21.435783,2,-1.323966061518118,0.5981379115285798,2.06471607327201,-0.0697200018621515,5.239999882876873,2.5246202796633312,155.68762407207169,54.86838618990533
20250718111121435783,2025-07-18 11:11:21.435783,3,-1.1804027109437647,0.6043516839812347,1.9342070517906336,-0.0697200018621515,11.519999742507936,2.3451542459145323,152.88811136643272,55.56492851693147
20250718111121435783,2025-07-18 11:11:21.435783,4,-1.1084953104529476,0.6081352272406308,1.980762173046672,-0.0697200018621515,9.879999779164793,2.349895549610613,151.2502433445714,57.44922721509806
20250718111121435783,2025-07-18 11:11:21.435783,5,-1.1681516922287216,0.6270377332055194,1.928128343221534,-0.0697200018621515,11.359999746084211,2.3399644447842705,151.77409020374498,55.48713528640002
20250718111121435783,2025-07-18 11:11:21.435783,6,-1.1003920694809288,0.6185432006089955,1.925824503392728,-0.0697200018621515,9.759999781847,2.302663330898372,150.659152007077,56.75631029803157
20250718111121435783,2025-07-18 11:11:21.435783,7,-1.155433428432822,0.6494825896469701,1.9221142620638143,-0.0697200018621515,11.119999751448631,2.334818467937857,150.659152007077,55.41038465736722
20250718111121435783,2025-07-18 11:11:21.435783,8,-1.0878395232248226,0.639680598814121,1.9201607546135688,-0.0697200018621515,9.63999978452921,2.297738762424343,149.5432601698094,56.68609466654716
20250718111121435783,2025-07-18 11:11:21.435783,9,-1.142253006691782,0.6716772756626723,1.9161672138696448,-0.0697200018621515,10.759999759495258,2.329718670880028,149.54326016980943,55.33470086931384
20250718111121435783,2025-07-18 11:11:21.435783,10,-1.0748518556832112,0.6605712892799531,1.9145631109739203,-0.0697200018621515,9.239999793469906,2.2928612792292427,148.4263798374775,56.6169255361302
20250718111121435783,2025-07-18 11:11:21.435783,11,-1.1286156989983265,0.6936129136745415,1.910289577378903,-0.0697200018621515,10.239999771118164,2.3246674040567687,148.4263798374775,55.26010755896285
20250718111121435783,2025-07-18 11:11:21.435783,12,-1.1823795423134416,0.7266545380691299,1.9060160437838856,-0.0697200018621515,7.35999983549118,2.357741580186297,148.4263798374775,53.94063317587936
20250718111121435783,2025-07-18 11:11:21.435783,13,-1.061434261749712,0.6812069160092183,1.909033811456504,-0.0697200018621515,8.879999801516533,2.2880331395587548,147.30847796047723,56.54882328589095
20250718111121435783,2025-07-18 11:11:21.435783,14,-1.1145269600934598,0.7152807297202369,1.904483703567713,-0.0697200018621515,9.63999978452921,2.319667011499555,147.30847796047723,55.1866277575096
20250718111121435783,2025-07-18 11:11:21.435783,15,-1.1676196584372076,0.7493545434312555,1.899933595678922,-0.0697200018621515,6.999999843537808,2.352576367840059,147.30847796047723,53.86181099033399
20250718111121435783,2025-07-18 11:11:21.435783,16,-1.0475921082827595,0.7015792250267315,1.903575067707304,-0.0697200018621515,8.51999980956316,2.28325659371046,146.18952334500003,56.48180767657013
20250718111121435783,2025-07-18 11:11:21.435783,17,-1.0999924252846454,0.7366720569626276,1.8987519147080845,-0.0697200018621515,9.119999796152117,2.314719829439572,146.18952334500003,55.11428388841978
20250718111121435783,2025-07-18 11:11:21.435783,18,-1.1523927422865308,0.771764888898524,1.893928761708865,-0.0697200018621515,6.6399998515844345,2.347465916821647,146.189523345,53.78417226270425
20250718111121435783,2025-07-18 11:11:21.435783,19,-1.0333309319589337,0.7216800676808771,1.8981890631509404,-0.0697200018621515,7.999999821186066,2.278533882674743,145.06948670208462,56.41589785063894
20250718111121435783,2025-07-18 11:11:21.435783,20,-1.0850179081917548,0.7577783391564133,1.893096503439036,-0.0697200018621515,8.51999980956316,2.3098281848926705,145.06948670208462,55.04309776581029
20250718111121435783,2025-07-18 11:11:21.435783,21,-1.1367048844245762,0.7938766106319495,1.888003943727132,-0.0697200018621515,6.239999860525131,2.342412636303084,145.06948670208462,53.70774149471946
20250718111121435783,2025-07-18 11:11:21.435783,22,-1.0260449863281538,0.731626172270462,1.8955240124583257,-0.0697200018621515,7.519999831914902,2.2761934126357497,144.50905400001665,56.38336341958776
20250718111121435783,2025-07-18 11:11:21.435783,23,-1.078069032157278,0.765277312142585,1.877370364953189,-0.0697200018621515,7.879999823868275,2.296171093316258,144.6306087851154,54.84616603690745
20250718111121487507,2025-07-18 11:11:21.487507,1,-1.2188007020084182,0.5226584429024438,2.0653699534572536,0.0697200018621515,5.639999873936176,2.454465327479172,156.7888890198294,57.29615095117536
20250718111121487507,2025-07-18 11:11:21.487507,2,-1.1367172712849722,0.5539062098150214,1.9952927944721968,0.0697200018621515,8.359999813139439,2.3622302131210384,154.02068236492929,57.63604354413272
20250718111121487507,2025-07-18 11:11:21.487507,3,-1.085062173875761,0.6478883668297837,1.9570914362426328,0.0697200018621515,7.879999823868275,2.3296622387942003,149.1586624815333,57.14805982264628
20250718111121487507,2025-07-18 11:11:21.487507,4,-1.0721076649841366,0.6687257215376038,1.9515080838762715,0.0697200018621515,7.639999829232693,2.3248640255718533,148.0462027423345,57.07759609411714
20250718111121487507,2025-07-18 11:11:21.487507,5,-1.061434261749712,0.6812069160092183,1.909033811456504,-0.0697200018621515,7.35999983549118,2.2880331395587548,147.30847796047723,56.54882328589095
20250718111121487507,2025-07-18 11:11:21.487507,6,-1.0475921082827595,0.7015792250267315,1.903575067707304,-0.0697200018621515,6.999999843537808,2.28325659371046,146.18952334500003,56.48180767657013
20250718111121487507,2025-07-18 11:11:21.487507,7,-1.0333309319589337,0.7216800676808771,1.8981890631509404,-0.0697200018621515,6.6399998515844345,2.278533882674743,145.06948670208462,56.41589785063894
20250718111121541784,2025-07-18 11:11:21.541784,1,-1.1125044736006162,0.5971675493416527,1.931552091887501,0.0697200018621515,5.119999885559082,2.307632719789499,151.77409020374498,56.8275514336765
20250718111121596384,2025-07-18 11:11:21.596384,1,0.147235419454663,0.0077084406305461,1.7944001038872257,2.15712005761452,4.999999888241291,1.800447006059726,2.996957173957142,85.30283782288272
20250718111121651717,2025-07-18 11:11:21.651717,1,0.1130685215172847,0.1878195677912173,2.126286679729671,0.5566400148672983,5.639999873936176,2.137558355928374,58.951803669083695,84.11340822832537
20250718111121874739,2025-07-18 11:11:21.874739,1,-1.1377665842152005,0.6702701211802181,1.8616331164448847,-0.0697200018621515,5.119999885559082,2.2824225497808164,149.4972191177993,54.65060557135616
20250718111121874739,2025-07-18 11:11:21.874739,2,-1.19449719838536,0.6986775359885599,2.1410933292481147,-0.0697200018621515,7.639999829232693,2.5493635481814465,149.6760584976669,57.124712045460846
20250718111121874739,2025-07-18 11:11:21.874739,3,-1.2484737926547065,0.6873023993004288,2.28943369598159,-0.0697200018621515,7.999999821186066,2.6967717825811057,151.1665973315557,58.09802213423563
20250718111121874739,2025-07-18 11:11:21.874739,4,-1.3020653067948154,0.6861846946508756,2.3695713333350805,-0.0697200018621515,5.519999876618385,2.7894608443380564,152.21089763324497,58.15438296986809
20250718111121874739,2025-07-18 11:11:21.874739,5,-1.181492097614977,0.7216285947558703,2.134943611585975,-0.0697200018621515,7.639999829232693,2.544534462361973,148.58436041494755,57.037949754263984
20250718111121874739,2025-07-18 11:11:21.874739,6,-1.2302455067039686,0.7232189770918872,2.279809877967479,-0.0697200018621515,7.999999821186066,2.6896250250302978,149.55019555486825,57.95494439446576
20250718111121874739,2025-07-18 11:11:21.874739,7,-1.11676040642827,0.7029381582844356,1.8528797422845,-0.0697200018621515,5.119999885559082,2.274739369489706,147.81188232922338,54.54249123428442
20250718111121874739,2025-07-18 11:11:21.874739,8,-1.168014415779691,0.7443238409650483,2.1288624386922,-0.0697200018621515,7.519999831914902,2.539750172472213,147.4924431694043,56.95234305699289
20250718111121874739,2025-07-18 11:11:21.874739,9,-1.2214508353259668,0.745335490872569,2.2595691166656007,-0.0697200018621515,7.879999823868275,2.6745316842508555,148.60824652157373,57.655508731765046
20250718111121874739,2025-07-18 11:11:21.874739,10,-1.2720923081672098,0.7483587797657858,2.3529118374383966,-0.0697200018621515,5.359999880194664,2.777490561371622,149.53214000745535,57.9015022079641
20250718111121874739,2025-07-18 11:11:21.874739,11,-1.102196745268403,0.7243723524857577,1.847136467257844,-0.0697200018621515,5.119999885559082,2.269684140800168,146.68676855323858,54.4718136097507
20250718111121874739,2025-07-18 11:11:21.874739,12,-1.1540695437722956,0.7667541968206155,2.122852242954758,-0.0697200018621515,7.35999983549118,2.535012851175092,146.40026778804855,56.86791907223084
20250718111121874739,2025-07-18 11:11:21.874739,13,-1.208152276550814,0.7688044365853262,2.2532806316146576,-0.0697200018621515,7.759999826550484,2.669825048548677,147.52947401649635,57.562882956522245
20250718111121874739,2025-07-18 11:11:21.874739,14,-1.2572292178012388,0.7836598954062014,2.328722270303805,-0.0697200018621515,5.359999880194664,2.7600173097229086,148.06376347039074,57.53661769869395
20250718111121874739,2025-07-18 11:11:21.874739,15,-1.0871922201258968,0.7455209304249986,1.8414697228779573,-0.0697200018621515,4.999999888241291,2.264685214655726,145.5603764481921,54.40227965147017
20250718111121874739,2025-07-18 11:11:21.874739,16,-1.139663059355415,0.7889106904796983,2.1169154283717018,-0.0697200018621515,7.239999838173389,2.530324662427856,145.30779692282078,56.78470437275254
20250718111121874739,2025-07-18 11:11:21.874739,17,-1.1943704729951252,0.7920117973707685,2.247062238033741,-0.0697200018621515,7.639999829232693,2.6651626996366056,146.45081773141655,57.47147572191387
20250718111121874739,2025-07-18 11:11:21.874739,18,-1.2435411215117904,0.8078162866482569,2.322249584778446,-0.0697200018621515,5.239999882876873,2.7553229951983207,146.99185869936397,57.439432825316224
20250718111121874739,2025-07-18 11:11:21.874739,19,-1.0721816909721351,0.7529336946829507,1.7845063738213187,-0.0697200018621515,4.999999888241291,2.213807969371711,144.92176183108975,53.71468800308271
20250718111121874739,2025-07-18 11:11:21.874739,20,-1.124800724930474,0.8107844596406449,2.1110543695896014,-0.0697200018621515,6.999999843537808,2.5256877602273486,144.21499488266326,56.70272498321122
20250718111121874739,2025-07-18 11:11:21.874739,21,-1.1801109371963217,0.814948290594424,2.2409164231972603,-0.0697200018621515,7.35999983549118,2.6605467400871494,145.37223564428444,57.38131599308792
20250718111121874739,2025-07-18 11:11:21.874739,22,-1.227431610224376,0.8517505854071944,2.2659681395117803,-0.0697200018621515,5.119999885559082,2.71416267508084,145.2420915408934,56.60211801612443
20250718111121929047,2025-07-18 11:11:21.929047,1,-1.2635361681416184,0.6211951265546604,2.363917889010764,-0.0697200018621515,7.239999838173389,2.751456854003415,153.81978063296987,59.22143039211739
20250718111121929047,2025-07-18 11:11:21.929047,2,-1.318491411486956,0.6482128963704296,2.379745846019484,-0.0697200018621515,7.639999829232693,2.796746297545202,153.81978063296987,58.30947612662721
20250718111121929047,2025-07-18 11:11:21.929047,3,-1.3722328071754497,0.6293794216093405,2.468646419421455,-0.0697200018621515,4.999999888241291,2.8936752543359616,155.36127598616648,58.5524363343053
20250718111121929047,2025-07-18 11:11:21.929047,4,-1.2524289771478243,0.6560048794362424,2.340473961934847,-0.0697200018621515,7.239999838173389,2.734362651723196,152.3550781375924,58.86469372186639
20250718111121929047,2025-07-18 11:11:21.929047,5,-1.3020653067948154,0.6861846946508756,2.3695713333350805,-0.0697200018621515,7.639999829232693,2.7894608443380564,152.21089763324497,58.15438296986809
20250718111121929047,2025-07-18 11:11:21.929047,6,-1.23550195426051,0.692054933535076,2.3308143790519664,-0.0697200018621515,7.1199998408555984,2.7272881731872745,150.74503692530516,58.71856265519892
20250718111121929047,2025-07-18 11:11:21.929047,7,-1.2844674312657087,0.7236634863481608,2.3595289213664987,-0.0697200018621515,7.35999983549118,2.782251274457585,150.60327459144855,58.00178863424211
20250718111121929047,2025-07-18 11:11:21.929047,8,-1.3405826925137645,0.7080143683439686,2.447576248947047,-0.0697200018621515,4.999999888241291,2.879075510586456,152.15970631575564,58.22535008044917
20250718111121929047,2025-07-18 11:11:21.929047,9,-1.2174771857004714,0.7468629503429542,2.2734744944289926,-0.0697200018621515,6.8799998462200165,2.684909913035312,148.47291199623206,57.86100561140794
20250718111121929047,2025-07-18 11:11:21.929047,10,-1.2720923081672098,0.7483587797657858,2.3529118374383966,-0.0697200018621515,7.239999838173389,2.777490561371622,149.53214000745535,57.9015022079641
20250718111121929047,2025-07-18 11:11:21.929047,11,-1.204221890077276,0.7702555463864122,2.2672064672102805,-0.0697200018621515,6.6399998515844345,2.680236767944287,147.39582921230118,57.76825896124412
20250718111121929047,2025-07-18 11:11:21.929047,12,-1.259208365129194,0.7728100812124526,2.346360130961872,-0.0697200018621515,6.8799998462200165,2.7727688314394965,148.46143872333244,57.80240796701444
20250718111121929047,2025-07-18 11:11:21.929047,13,-1.1904849217756583,0.7933874084961594,2.2610083034385458,-0.0697200018621515,6.359999857842922,2.6756076837147664,146.31890320813403,57.6767338806956
20250718111121929047,2025-07-18 11:11:21.929047,14,-1.238939741404162,0.8090081819115131,2.3366608791120185,-0.0697200018621515,6.6399998515844345,2.76576390626585,146.85609457396322,57.65607119334686
20250718111121929047,2025-07-18 11:11:21.929047,15,-1.1801109371963217,0.814948290594424,2.2409164231972603,-0.0697200018621515,5.999999865889549,2.6605467400871494,145.37223564428444,57.38131599308792
20250718111121929047,2025-07-18 11:11:21.929047,16,-1.224806734775134,0.8328069381844189,2.330284021587828,-0.0697200018621515,6.239999860525131,2.7611487745331966,145.786269708991,57.56009504400174
20250718111121989155,2025-07-18 11:11:21.989155,1,-1.219908699057905,0.5095034707051301,2.123082124090787,-0.0697200018621515,24.23999945819378,2.501049524965784,157.3318013846666,58.089678937547575
20250718111121989155,2025-07-18 11:11:21.989155,2,-1.2809414833932868,0.5069812011788496,2.192458207352383,-0.0697200018621515,26.6399994045496,2.589346252090162,158.40693772791633,57.85697963649632
20250718111121989155,2025-07-18 11:11:21.989155,3,-1.3391870253232836,0.530034084697586,2.201209452223007,-0.0697200018621515,20.75999953597784,2.6305286678330164,158.40693772791633,56.80306055954721
20250718111121989155,2025-07-18 11:11:21.989155,4,-1.2055532559500353,0.5446483509704367,2.113665081805609,-0.0697200018621515,25.99999941885472,2.493507681398006,155.68736096705646,57.95885815235186
20250718111121989155,2025-07-18 11:11:21.989155,5,-1.2623257836547424,0.5561199028099199,2.179291531933224,-0.0697200018621515,29.999999329447743,2.579156317778496,156.2240228662326,57.66796654236677
20250718111121989155,2025-07-18 11:11:21.989155,6,-1.3247896029476396,0.5686350363376831,2.1908663584039703,-0.0697200018621515,23.51999947428704,2.622652988295477,156.7696997734279,56.65361901228259
20250718111121989155,2025-07-18 11:11:21.989155,7,-1.1953793913732988,0.5678403520361958,2.107450803849178,-0.0697200018621515,27.23999939113856,2.4885183232930266,154.5909076273373,57.87281723079853
20250718111121989155,2025-07-18 11:11:21.989155,8,-1.252258651215349,0.5804097324136216,2.172783091706622,-0.0697200018621515,32.75999926775694,2.57410441719646,155.13273483765389,57.57487039350379
20250718111121989155,2025-07-18 11:11:21.989155,9,-1.3091999594032504,0.6068014761772172,2.180639691670996,-0.0697200018621515,25.87999942153692,2.6148426396407296,155.13273483765389,56.50633214120094
20250718111121989155,2025-07-18 11:11:21.989155,10,-1.366141267591152,0.6331932199408129,2.18849629163537,-0.0697200018621515,10.359999768435957,2.6564622405177043,155.13273483765389,55.47092525342557
20250718111121989155,2025-07-18 11:11:21.989155,11,-1.125396548588533,0.5750805123182992,2.041538111052577,-0.0697200018621515,10.639999762177467,2.401064940001288,152.93285147745812,58.24035115959275
20250718111121989155,2025-07-18 11:11:21.989155,12,-1.1792234139198874,0.6022482845528767,2.098231226118109,-0.0697200018621515,27.639999382197857,2.481097566489649,152.94587112255903,57.74558546087529
20250718111121989155,2025-07-18 11:11:21.989155,13,-1.2362201030937778,0.6164677244519539,2.163121381859263,-0.0697200018621515,34.23999923467636,2.566586587520649,153.49587545315202,57.43707613010714
20250718111121989155,2025-07-18 11:11:21.989155,14,-1.2924321243164103,0.6444990569980257,2.1705386553334534,-0.0697200018621515,27.639999382197857,2.607105269208194,153.49587545315202,56.36131149249479
20250718111121989155,2025-07-18 11:11:21.989155,15,-1.3486441455390423,0.6725303895440976,2.1779559288076435,-0.0697200018621515,10.87999975681305,2.648514712812718,153.49587545315202,55.31882787156546
20250718111121989155,2025-07-18 11:11:21.989155,16,-1.1142775180365978,0.5967148232174535,2.0357412149183447,-0.0697200018621515,10.519999764859676,2.396231470782081,151.83018284419944,58.16379067010509
20250718111121989155,2025-07-18 11:11:21.989155,17,-1.1678622578853504,0.6249201464489693,2.092156319032141,-0.0697200018621515,27.119999393820763,2.4761957729745414,151.84887682862944,57.66202398342835
20250718111121989155,2025-07-18 11:11:21.989155,18,-1.2190690403715054,0.6520447998975722,2.153588533224549,-0.0697200018621515,34.23999923467636,2.559147380809091,151.85896098567252,57.301592221772246
20250718111121989155,2025-07-18 11:11:21.989155,19,-1.2806064253168623,0.6693535288016645,2.163878919685366,-0.0697200018621515,28.23999936878681,2.601991341672908,152.4046148861212,56.26594398782536
20250718111121989155,2025-07-18 11:11:21.989155,20,-1.336304108934735,0.6984658620983503,2.171006539881412,-0.0697200018621515,11.239999748766422,2.643261740403418,152.4046148861212,55.21877652840323
20250718111121989155,2025-07-18 11:11:21.989155,21,-1.0967647305930135,0.6287527675476782,2.027156673607908,-0.0697200018621515,10.359999768435957,2.389055691340139,150.17523553815653,58.050839132787495
20250718111121989155,2025-07-18 11:11:21.989155,22,-1.15603397253983,0.6473680080800817,2.0861414326362784,-0.0697200018621515,25.87999942153692,2.471332830784542,150.7515893212805,57.57950151527562
20250718111121989155,2025-07-18 11:11:21.989155,23,-1.2111039395992491,0.6782066648385566,2.090244950327293,-0.0697200018621515,32.63999927043915,2.509155432633261,150.7515893212805,56.41304528454528
20250718111121989155,2025-07-18 11:11:21.989155,24,-1.261908988295464,0.7061945106194187,2.1540074083589293,-0.0697200018621515,27.759999379515648,2.59439258726104,150.7675779815257,56.12494121947021
20250718111121989155,2025-07-18 11:11:21.989155,25,-1.316793460366764,0.7369091764586335,2.1607056848441983,-0.0697200018621515,11.359999746084211,2.635456166991144,150.7675779815257,55.07080414096684
20250718111121989155,2025-07-18 11:11:21.989155,26,-1.0845401881766177,0.6498232569915404,2.0215108529772965,-0.0697200018621515,9.999999776482582,2.3843246032791474,149.07125027761722,57.97683126747607
20250718111121989155,2025-07-18 11:11:21.989155,27,-1.1374260770940594,0.6806001841903778,2.077236897884796,-0.0697200018621515,23.9999994635582,2.4641160324764755,149.10501759414564,57.45772303153623
20250718111121989155,2025-07-18 11:11:21.989155,28,-1.1982277650566795,0.7014797972708394,2.08400893328672,-0.0697200018621515,29.759999334812164,2.5041798890955733,149.65396694733073,56.32665459484176
20250718111121989155,2025-07-18 11:11:21.989155,29,-1.248812042237175,0.7304470213597146,2.14750896769164,-0.0697200018621515,26.23999941349029,2.5893781365736976,149.6760584976669,56.03235022046679
20250718111121989155,2025-07-18 11:11:21.989155,30,-1.303126886088989,0.7622165067308695,2.153924606135165,-0.0697200018621515,11.359999746084211,2.630305095097434,149.6760584976669,54.97360718778427
20250718111121989155,2025-07-18 11:11:21.989155,31,-1.0718818441646851,0.6706533882024435,2.015929436141101,-0.0697200018621515,9.63999978452921,2.379638238568518,147.96667151791897,57.90388412626694
20250718111121989155,2025-07-18 11:11:21.989155,32,-1.124451071328742,0.7024489675351834,2.0713825340319527,-0.0697200018621515,21.87999951094389,2.459359747189547,148.00681824395704,57.37791132615497
20250718111121989155,2025-07-18 11:11:21.989155,33,-1.184872315405669,0.7244995432297731,2.0778408109470545,-0.0697200018621515,26.519999407231808,2.4992487726499046,148.5559696134296,56.24139336032631
20250718111121989155,2025-07-18 11:11:21.989155,34,-1.2352155880349247,0.7544416850637844,2.141079616929478,-0.0697200018621515,23.9999994635582,2.584407423591959,148.58436041494755,55.94092335624021
20250718111121989155,2025-07-18 11:11:21.989155,35,-1.2889390784548724,0.7872547753716987,2.147215622272981,-0.0697200018621515,11.119999751448631,2.625198841582631,148.58436041494755,54.877609175975
20250718111121989155,2025-07-18 11:11:21.989155,36,-1.0603420074610497,0.6889350710317668,1.99807723922368,-0.0697200018621515,9.239999793469906,2.3645865090513807,146.9870446793549,57.67201014600919
20250718111121989155,2025-07-18 11:11:21.989155,37,-1.1131074375649506,0.7218996060154883,2.0526594838627976,-0.0697200018621515,19.759999558329586,2.444086366194864,147.03480004335452,57.12400479266054
20250718111121989155,2025-07-18 11:11:21.989155,38,-1.1639522376239084,0.7585339495456481,2.068721319259843,-0.0697200018621515,22.99999948590994,2.4919403004171685,146.90818680758028,56.11567884126461
20250718111121989155,2025-07-18 11:11:21.989155,39,-1.221125064088868,0.7781689041865001,2.1347219277269103,-0.0697200018621515,21.359999522566795,2.579482695097402,147.4924431694043,55.850690420377504
20250718111121989155,2025-07-18 11:11:21.989155,40,-1.2742357123980452,0.8120139674079517,2.14058141676162,-0.0697200018621515,10.759999759495258,2.620139716847432,147.4924431694043,54.78284200070172
20250718111121989155,2025-07-18 11:11:21.989155,41,-1.0507655445165605,0.7020544913512253,1.955596582074513,-0.0697200018621515,8.759999804198742,2.3283785624745663,146.2516812905954,57.12917270226328
20250718111121989155,2025-07-18 11:11:21.989155,42,-1.0992122914360811,0.743269685501055,2.046933388322451,-0.0697200018621515,17.519999608397484,2.4393961923513428,145.93407422904875,57.046759821066864
20250718111121989155,2025-07-18 11:11:21.989155,43,-1.1567451483514457,0.7697421503975285,2.065718090892976,-0.0697200018621515,19.879999555647373,2.4895287801862707,146.35869773547995,56.07436797098294
20250718111121989155,2025-07-18 11:11:21.989155,44,-1.2065461064204608,0.8016191881569951,2.128438443074736,-0.0697200018621515,18.759999580681324,2.5746061904101483,146.40026778804855,55.76168067010244
20250718111121989155,2025-07-18 11:11:21.989155,45,-1.259022669068626,0.8364841794933745,2.1340246431947127,-0.0697200018621515,10.119999773800371,2.615130023829353,146.40026778804855,54.68933702876284
20250718111121989155,2025-07-18 11:11:21.989155,46,-1.0367638179142131,0.7222191483032943,1.9501934785285555,-0.0697200018621515,8.239999815821648,2.3237328409279967,145.13857832544244,57.06103738261098
20250718111121989155,2025-07-18 11:11:21.989155,47,-1.0903108675404456,0.7577181201209197,2.0023859027734425,-0.0697200018621515,15.639999650418758,2.402595230383635,145.202397990848,56.45232114400273
20250718111121989155,2025-07-18 11:11:21.989155,48,-1.1419846814395276,0.7919469151675186,2.059768342104734,-0.0697200018621515,17.11999961733818,2.484744363555892,145.25935116350766,55.99265678871764
20250718111121989155,2025-07-18 11:11:21.989155,49,-1.1939117347113106,0.8279574416839423,2.0624860614707474,-0.0697200018621515,16.359999634325504,2.5228530494823325,145.25935116350766,54.83742891465555
20250718111121989155,2025-07-18 11:11:21.989155,50,-1.2433060334808352,0.8606556238698362,2.127547924194146,-0.0697200018621515,9.63999978452921,2.610172056691176,145.30779692282078,54.59712509370082
20250718111121989155,2025-07-18 11:11:21.989155,51,-1.0223473996265708,0.7421092979103487,1.944863929004011,-0.0697200018621515,7.759999826550484,2.319141245786708,144.02456791332355,56.994031970225606
20250718111121989155,2025-07-18 11:11:21.989155,52,-1.178002547562951,0.8508691375300214,2.0563468910715628,-0.0697200018621515,14.239999681711195,2.5179814986781706,144.15948564848418,54.75230902716154
20250718111121989155,2025-07-18 11:11:21.989155,53,-1.2270920920790758,0.8845186322822995,2.1211538503610496,-0.0697200018621515,8.879999801516533,2.605268099485936,144.21499488266326,54.50623649101255
20250718111122045789,2025-07-18 11:11:22.045789,1,-1.2188007020084182,0.5226584429024438,2.0653699534572536,-0.0697200018621515,19.879999555647373,2.454465327479172,156.7888890198294,57.29615095117536
20250718111122045789,2025-07-18 11:11:22.045789,2,-1.2783537850532565,0.5482404747189056,2.0111877577663444,0.0697200018621515,24.51999945193529,2.445328651709053,156.78722796239742,55.331926281196
20250718111122045789,2025-07-18 11:11:22.045789,3,1.3714405443588702,0.5599800996566794,2.329210555772445,-0.1391600037168245,17.11999961733818,2.76037111487652,22.21094304036277,57.5439567658353
20250718111122045789,2025-07-18 11:11:22.045789,4,1.3678796677853988,0.6884703656877912,2.392026236238721,-0.1391600037168245,7.999999821186066,2.8402245940814885,26.71666468877704,57.37276011356121
20250718111122045789,2025-07-18 11:11:22.045789,5,-1.2099282185250326,0.546785763831929,2.004389129298424,-0.0697200018621515,20.51999954134226,2.4042622043284125,155.68103427242244,56.4788045426836
20250718111122045789,2025-07-18 11:11:22.045789,6,-1.2619810183903382,0.585049859552371,2.0013247128263307,0.0697200018621515,24.75999944657088,2.4372484557609546,155.12773064911383,55.19917910521769
20250718111122045789,2025-07-18 11:11:22.045789,7,-1.3252028708642658,0.5988802086632143,2.0048072990263472,0.0697200018621515,24.63999944925308,2.476705969529832,155.68103427242244,54.043713114202426
20250718111122045789,2025-07-18 11:11:22.045789,8,-1.38027952319819,0.5333996394298584,2.3363327686246693,-0.1391600037168245,19.879999555647373,2.765526630364195,158.87131428344193,57.65112838805409
20250718111122045789,2025-07-18 11:11:22.045789,9,1.394335807269323,0.6217540857469034,2.4099028095708905,-0.1391600037168245,9.239999793469906,2.852784961779285,24.03276922926164,57.645637449358254
20250718111122045789,2025-07-18 11:11:22.045789,10,-1.1935756085002942,0.581612471397307,1.9950573411312456,-0.0697200018621515,20.75999953597784,2.396486927670044,154.02068236492929,56.35563361320334
20250718111122045789,2025-07-18 11:11:22.045789,11,-1.248973514448228,0.6091312527828843,1.937506313168188,-0.0697200018621515,24.23999945819378,2.3843041828752862,154.00125379954255,54.35159678462606
20250718111122045789,2025-07-18 11:11:22.045789,12,-1.3065426331697303,0.6362539136867542,2.054502921275024,0.0697200018621515,26.519999407231808,2.5165164311999657,154.03506451115618,54.72677226128248
20250718111122045789,2025-07-18 11:11:22.045789,13,-1.3668151161686637,0.5732049688759341,2.3256669627451387,-0.1391600037168245,23.11999948322773,2.75780244392803,157.24815251253315,57.49071997537578
20250718111122045789,2025-07-18 11:11:22.045789,14,1.4129943199568666,0.5675134012191624,2.42443655718701,-0.1391600037168245,10.519999764859676,2.862955994879857,21.882310852727155,57.86852098538514
20250718111122045789,2025-07-18 11:11:22.045789,15,-1.1820761771227295,0.6045602699561149,1.988908497039341,-0.0697200018621515,20.51999954134226,2.3913498736332555,152.91301046731877,56.27475139486573
20250718111122045789,2025-07-18 11:11:22.045789,16,-1.2366335311035788,0.6331411729752571,1.9310728744423056,0.0697200018621515,23.11999948322773,2.378901570383495,152.8881113664327,54.26724562228426
20250718111122045789,2025-07-18 11:11:22.045789,17,-1.2942727803755436,0.6613766983304757,2.047771291418118,0.0697200018621515,27.99999937415123,2.511160773242484,152.93285147745812,54.63366447788855
20250718111122045789,2025-07-18 11:11:22.045789,18,-1.3521206678468205,0.6126022772447512,2.3151104857837543,-0.1391600037168245,26.75999940186739,2.750136071522621,155.62625255789197,57.33245931903256
20250718111122045789,2025-07-18 11:11:22.045789,19,-1.403945843409711,0.5947238601813538,2.4171455366824106,-0.1391600037168245,12.11999972909689,2.857858104700112,157.04205518344062,57.75659159484239
20250718111122045789,2025-07-18 11:11:22.045789,20,-1.114363713666456,0.5973995533185122,1.983638788204308,-0.0697200018621515,6.7599998489022255,2.352342567465527,151.80467361665788,57.48609427950392
20250718111122045789,2025-07-18 11:11:22.045789,21,-1.170103931056257,0.6272813419680938,1.9828204041425617,-0.0697200018621515,19.759999558329586,2.386252678686537,151.80467361665788,56.19488515461543
20250718111122045789,2025-07-18 11:11:22.045789,22,-1.2237989108568268,0.6569079170693863,1.9247045945555663,0.0697200018621515,21.51999951899052,2.3735415652619407,151.77409020374498,54.18394652014661
20250718111122045789,2025-07-18 11:11:22.045789,23,-1.2814852357490885,0.6862574390383408,2.0411045170383573,0.0697200018621515,29.11999934911728,2.50584543249434,151.8301828441994,54.541634626057714
20250718111122045789,2025-07-18 11:11:22.045789,24,-1.3362094022437143,0.6515561096196013,2.304672837856816,-0.1391600037168245,30.879999309778214,2.7425349259730725,154.00543033459388,57.17646563779319
20250718111122045789,2025-07-18 11:11:22.045789,25,-1.3944812893002445,0.6331858970977277,2.3914950234403327,-0.1391600037168245,13.879999689757824,2.8398505055076058,155.57883810010733,57.364672478686416
20250718111122045789,2025-07-18 11:11:22.045789,26,-1.1512695610230443,0.6609179831290625,1.9738074933073848,-0.0697200018621515,18.759999580681324,2.378686655109908,150.1408350122968,56.07704653125988
20250718111122045789,2025-07-18 11:11:22.045789,27,-1.2104747873847148,0.6804219786849449,1.918404020734902,0.0697200018621515,19.63999956101179,2.368226607979786,150.65915200707698,54.10172692943881
20250718111122045789,2025-07-18 11:11:22.045789,28,-1.266173906658669,0.7090453215970316,2.094348468018308,0.0697200018621515,29.519999340176582,2.547986878983592,150.7515893212805,55.281685543471966
20250718111122045789,2025-07-18 11:11:22.045789,29,-1.31909563842377,0.6900314101822187,2.294363412142518,-0.1391600037168245,34.879999220371246,2.735006419978742,152.3855083552355,57.02285563751177
20250718111122045789,2025-07-18 11:11:22.045789,30,-1.378547589046634,0.6733670129880488,2.38072852588654,-0.1391600037168245,15.639999650418758,2.832257916118628,153.96628557603532,57.20101238486466
20250718111122045789,2025-07-18 11:11:22.045789,31,-1.1381366379324538,0.6830326855407794,1.9678818766553103,-0.0697200018621515,17.519999608397484,2.373699167247119,149.03066538178442,55.99983083814779
20250718111122045789,2025-07-18 11:11:22.045789,32,-1.1966664901587414,0.7036739525112237,1.912173673125721,0.0697200018621515,17.759999603033066,2.3629591355558226,149.54326016980943,54.02061372007033
20250718111122045789,2025-07-18 11:11:22.045789,33,-1.248812042237175,0.7304470213597146,2.14750896769164,-0.1391600037168245,29.23999934643507,2.5893781365736976,149.6760584976669,56.03235022046679
20250718111122045789,2025-07-18 11:11:22.045789,34,-1.3070259694035369,0.7153986420349918,2.287566282853354,-0.1391600037168245,38.6399991363287,2.7300314284213427,151.30597596793717,56.92182972030135
20250718111122045789,2025-07-18 11:11:22.045789,35,-1.3570740572383886,0.7470883738656716,2.3146104967666483,-0.1391600037168245,17.359999611973763,2.785177334917306,151.16659733155566,56.20633838483911
20250718111122045789,2025-07-18 11:11:22.045789,36,-1.1245484753819934,0.7048892734871212,1.9620254215657884,-0.0697200018621515,15.999999642372131,2.368759573327689,147.9196988491362,55.92371807343913
20250718111122045789,2025-07-18 11:11:22.045789,37,-1.1823795423134416,0.7266545380691299,1.9060160437838856,0.0697200018621515,15.75999964773655,2.357741580186297,148.4263798374775,53.94063317587936
20250718111122045789,2025-07-18 11:11:22.045789,38,-1.2361202030540288,0.7384819628928447,2.2037019820299086,-0.1391600037168245,28.359999366104603,2.6324230646913405,149.1450937550933,56.839146104076576
20250718111122045789,2025-07-18 11:11:22.045789,39,-1.2879427950065256,0.7529996715333515,2.27749111736469,-0.1391600037168245,41.23999907821417,2.7226404349846898,149.68717882316233,56.77244494893343
20250718111122045789,2025-07-18 11:11:22.045789,40,-1.337260157966167,0.7861292061461239,2.3041495372852623,-0.1391600037168245,18.759999580681324,2.777655297010686,149.55019555486825,56.05052993265811
20250718111122045789,2025-07-18 11:11:22.045789,41,-1.0576091417372888,0.6918717389176843,1.9583250423658063,-0.0697200018621515,6.359999857842922,2.3307210410849906,146.8079015594486,57.16365800496638
20250718111122045789,2025-07-18 11:11:22.045789,42,-1.110510508455267,0.7264790046247175,1.9562404705426648,-0.0697200018621515,14.6399996727705,2.363870155515967,146.8079015594486,55.84873176202677
20250718111122045789,2025-07-18 11:11:22.045789,43,-1.1676196584372076,0.7493545434312555,1.899933595678922,0.0697200018621515,13.999999687075617,2.352576367840059,147.30847796047723,53.86181099033399
20250718111122045789,2025-07-18 11:11:22.045789,44,-1.222661931383945,0.7622327657093783,2.197337973595628,-0.1391600037168245,26.87999939918518,2.627583520610111,148.0597321580883,56.74706717157329
20250718111122045789,2025-07-18 11:11:22.045789,45,-1.274575652471827,0.7777525235682472,2.2708586106515725,-0.1391600037168245,42.23999905586243,2.717763954312653,148.60824652157373,56.67433864225572
20250718111122045789,2025-07-18 11:11:22.045789,46,-1.3233811664404471,0.8118298839639847,2.297263061419034,-0.1391600037168245,19.519999563694,2.772692382062353,148.47291199623206,55.94818481271433
20250718111122045789,2025-07-18 11:11:22.045789,47,-1.0507655445165605,0.7020544913512253,1.955596582074513,-0.0697200018621515,6.239999860525131,2.3283785624745663,146.2516812905954,57.12917270226328
20250718111122045789,2025-07-18 11:11:22.045789,48,-1.1044879858872017,0.7344910905277712,1.9404235202904525,-0.0697200018621515,13.23999970406294,2.3504498103831604,146.37585718045662,55.64471066662863
20250718111122045789,2025-07-18 11:11:22.045789,49,-1.1523927422865308,0.771764888898524,1.893928761708865,0.0697200018621515,12.519999720156193,2.347465916821647,146.189523345,53.78417226270425
20250718111122045789,2025-07-18 11:11:22.045789,50,-1.2087146112651108,0.7857188420186171,2.191044898415192,-0.1391600037168245,24.99999944120645,2.6227891369799594,146.97432154270118,56.65619454713936
20250718111122045789,2025-07-18 11:11:22.045789,51,-1.260698696693045,0.8022422090549992,2.264296619202505,-0.1391600037168245,41.35999907553196,2.712930693100154,147.52947401649635,56.5774564670946
20250718111122045789,2025-07-18 11:11:22.045789,52,-1.3132451168352757,0.8356799815246722,2.2753126067903526,-0.1391600037168245,19.63999956101179,2.756813600342229,147.52947401649635,55.623127067589614
20250718111122045789,2025-07-18 11:11:22.045789,53,-1.0367638179142131,0.7222191483032943,1.9501934785285555,-0.0697200018621515,6.11999986320734,2.3237328409279967,145.13857832544244,57.06103738261098
20250718111122045789,2025-07-18 11:11:22.045789,54,-1.0897703936567815,0.7556867049627152,1.934744172519528,-0.0697200018621515,11.9999997317791,2.345612269759547,145.26114376478313,55.57181291545897
20250718111122045789,2025-07-18 11:11:22.045789,55,-1.1367048844245762,0.7938766106319495,1.888003943727132,0.0697200018621515,11.119999751448631,2.342412636303084,145.06948670208462,53.70774149471946
20250718111122045789,2025-07-18 11:11:22.045789,56,-1.1942838214393627,0.8089307977036005,2.184825273634653,-0.1391600037168245,22.99999948590994,2.618042084829411,145.88882148407512,56.56655737709603
20250718111122045789,2025-07-18 11:11:22.045789,57,-1.2463174782672186,0.8264589324463754,2.257807767726458,-0.1391600037168245,38.87999913096428,2.708142821134198,146.45081773141655,56.4818298078978
20250718111122045789,2025-07-18 11:11:22.045789,58,-1.298264483539312,0.860906067521982,2.268553297419176,-0.0697200018621515,18.999999575316902,2.751905519734857,146.45081773141655,55.52338148238556
20250718111122045789,2025-07-18 11:11:22.045789,59,-1.0223473996265708,0.7421092979103487,1.944863929004011,-0.0697200018621515,5.999999865889549,2.319141245786708,144.02456791332355,56.994031970225606
20250718111122045789,2025-07-18 11:11:22.045789,60,-1.1793753340299646,0.8318593482919586,2.178681587020886,-0.1391600037168245,20.87999953329563,2.613344525982531,144.80319315601275,56.47818427254729
20250718111122045789,2025-07-18 11:11:22.045789,61,-1.231437749489715,0.8503930073763373,2.251394651677389,-0.1391600037168245,35.23999921232462,2.7034024997148345,145.37223564428444,56.3874895242083
20250718111122045789,2025-07-18 11:11:22.045789,62,-1.2827645617831085,0.8858377241582505,2.261872880157517,-0.0697200018621515,17.879999600350857,2.747046108186126,145.37223564428444,55.42495979282938
20250718111122045789,2025-07-18 11:11:22.045789,63,-1.2160654620533846,0.8740348605344579,2.245059836216095,-0.1391600037168245,31.239999301731583,2.6987118804383767,144.29368731327563,56.29446594701366
20250718111122045789,2025-07-18 11:11:22.045789,64,-1.2667515513284269,0.9104649791036864,2.255274027083092,-0.0697200018621515,16.359999634325504,2.74223757326072,144.29368731327563,55.327894191823695
